   date       n19h_m     n19h_b      n19v_m     n19v_b      n22v_m     n22v_b      n37h_m     n37h_b      n37v_m     n37v_b   
2021-01-01   1.04983   -8.68664     0.98312    8.94669     0.93498   20.34245     1.00195    1.39600     0.94375   16.16984  
2021-01-02   1.05301   -9.52468     0.98440    8.58102     0.93878   19.37426     1.00735   -0.02156     0.95146   14.16541  
2021-01-03   1.05340   -9.50220     0.98975    7.34669     0.94698   17.41849     1.00234    1.19805     0.95833   12.57102  
2021-01-04   1.05789  -10.53720     0.99176    6.79518     0.94398   18.17142     1.01236   -1.02367     0.96123   11.84617  
2021-01-05   1.04682   -8.16288     0.98238    8.95968     0.93573   19.98466     1.00465    0.34124     0.95089   14.07350  
2021-01-06   1.05238   -9.52969     0.98654    7.92384     0.93533   19.90005     1.01163   -1.38528     0.95245   13.55844  
2021-01-07   1.05301   -9.49282     0.98963    7.26115     0.93959   18.83789     1.01367   -1.64790     0.96276   11.15914  
2021-01-08   1.04406   -7.20568     0.97804   10.22269     0.92648   22.21164     0.99909    1.91828     0.95017   14.38002  
2021-01-09   1.04564   -7.62290     0.98263    9.13004     0.93761   19.64561     0.99914    1.94690     0.95924   12.34634  
2021-01-10   1.04695   -8.10245     0.97981    9.69875     0.92812   21.83031     1.00393    0.54858     0.95279   13.66462  
2021-01-11   1.04230   -7.12967     0.97946    9.67691     0.92692   22.02134     0.99383    2.87013     0.94949   14.41846  
2021-01-12   1.05224   -9.15374     0.98537    8.33178     0.93727   19.54145     1.01260   -1.21943     0.95680   12.67834  
2021-01-13   1.04936   -8.35774     0.98262    9.09488     0.93085   21.18411     1.00722    0.15537     0.95306   13.69182  
2021-01-14   1.04694   -7.82018     0.98342    8.92383     0.93261   20.78370     1.00423    0.79932     0.95361   13.58910  
2021-01-15   1.05038   -8.59422     0.98231    9.13591     0.93001   21.32411     1.00819   -0.12128     0.95402   13.44320  
2021-01-16   1.05129   -8.65867     0.98545    8.49577     0.93352   20.57802     1.00941   -0.21561     0.95313   13.76548  
2021-01-17   1.05759  -10.06998     0.98899    7.61002     0.93702   19.63532     1.01817   -2.17468     0.95735   12.68647  
2021-01-18   1.04955   -8.18042     0.98532    8.58433     0.93379   20.52442     1.00688    0.42427     0.96082   11.96043  
2021-01-19   1.04956   -8.35027     0.98442    8.69329     0.93321   20.60982     1.00885   -0.13949     0.95906   12.28658  
2021-01-20   1.04800   -8.09931     0.97958    9.73122     0.92443   22.63778     1.00092    1.57574     0.94340   15.88301  
2021-01-21   1.05415   -9.52831     0.98962    7.41936     0.93765   19.60177     1.01717   -1.92586     0.96287   11.47419  
2021-01-22   1.05090   -8.78877     0.98586    8.28375     0.93527   20.16838     1.01270   -0.99185     0.96281   11.43793  
2021-01-23   1.05075   -8.64001     0.98513    8.50567     0.93583   20.11038     1.01381   -1.17685     0.95753   12.75294  
2021-01-24   1.05251   -9.12755     0.98695    8.11151     0.93623   20.02089     1.01671   -1.93738     0.96370   11.26994  
2021-01-25   1.05127   -8.67078     0.98609    8.28447     0.93691   19.76268     1.01677   -1.75686     0.95899   12.31531  
2021-01-26   1.04507   -7.35278     0.98031    9.60411     0.92831   21.72788     1.00214    1.40895     0.95150   14.00737  
2021-01-27   1.05624   -9.94279     0.98689    8.01749     0.93583   19.83083     1.01895   -2.45294     0.96064   11.82225  
2021-01-28   1.04896   -8.09965     0.98319    9.01424     0.93019   21.25559     1.00815    0.12537     0.95665   12.88621  
2021-01-29   1.04826   -8.04414     0.98111    9.54545     0.92792   21.77597     1.00885   -0.12437     0.95516   13.20241  
2021-01-30   1.04924   -8.07317     0.98533    8.54394     0.92976   21.33350     1.00587    0.74507     0.95809   12.52982  
2021-01-31   1.04517   -7.33885     0.97925    9.97227     0.92331   22.81757     0.99106    3.93108     0.94593   15.40190  
2021-02-01   1.05317   -9.05273     0.98726    8.09632     0.93397   20.29238     1.00542    0.81316     0.96050   12.08602  
2021-02-02   1.05748  -10.01044     0.99166    7.04290     0.94178   18.47934     1.01774   -2.00851     0.96471   11.04408  
2021-02-03   1.05594   -9.82976     0.99023    7.28803     0.94421   17.80943     1.01039   -0.58546     0.95825   12.42061  
2021-02-04   1.05172   -9.03204     0.98511    8.46162     0.93775   19.41945     1.00539    0.48676     0.95155   13.98809  
2021-02-05   1.05916  -10.65677     0.99030    7.16938     0.94754   17.07841     1.01782   -2.30244     0.95753   12.54533  
2021-02-06   1.05929  -10.55642     0.98973    7.43660     0.94486   17.82833     1.01770   -2.24749     0.96483   10.91365  
2021-02-07   1.05481   -9.51265     0.98760    7.91126     0.94270   18.31000     1.00567    0.64127     0.96072   11.92559  
2021-02-08   1.05028   -8.35601     0.98559    8.50424     0.94037   18.92783     1.00497    1.04784     0.95903   12.47588  
2021-02-09   1.04878   -8.11948     0.98596    8.39722     0.94068   18.83665     1.00270    1.43025     0.96284   11.56818  
2021-02-10   1.05071   -8.46446     0.98375    8.84264     0.93435   20.31603     1.00887    0.07534     0.95733   12.74809  
2021-02-11   1.05423   -9.36972     0.98911    7.55964     0.94289   18.30421     1.01386   -1.07473     0.96061   12.02892  
2021-02-12   1.05862  -10.39341     0.99082    7.12652     0.94171   18.62358     1.02013   -2.30267     0.96373   11.37959  
2021-02-13   1.05503   -9.54789     0.98854    7.58525     0.93988   18.91306     1.01904   -2.23957     0.96245   11.44569  
2021-02-14   1.04956   -8.57506     0.98270    8.94568     0.93246   20.66307     1.00684    0.36500     0.95867   12.40709  
2021-02-15   1.05642  -10.15724     0.98635    8.03522     0.93767   19.29257     1.01166   -0.96314     0.95509   13.12882  
2021-02-16   1.05106   -8.71936     0.98372    8.82574     0.93472   20.22334     1.00413    1.11543     0.95822   12.69294  
2021-02-17   1.05620   -9.85828     0.98973    7.45780     0.93676   19.80036     1.01889   -1.99011     0.96233   11.82578  
2021-02-18   1.05396   -9.37209     0.98884    7.65101     0.93708   19.70466     1.01432   -1.01076     0.96305   11.66201  
2021-02-19   1.04826   -7.95988     0.98619    8.31883     0.93557   20.21502     1.00897    0.29482     0.94283   16.35413  
2021-02-20   1.04932   -7.60817     0.98652    8.55359     0.94116   19.16940     0.98995    4.94976     0.93057   19.65088  
2021-02-21   1.03254   -4.72162     0.97073   12.06677     0.93204   20.95748     0.97496    7.33565     0.93083   19.16176  
2021-02-22   1.03968   -6.29039     0.97334   11.30741     0.93228   20.76980     0.99021    3.93715     0.94997   14.53816  
2021-02-23   1.06174  -11.30625     0.99069    7.10084     0.95165   16.10681     1.01525   -1.60580     0.96342   11.40081  
2021-02-24   1.05257   -9.16043     0.98334    8.84614     0.93220   20.73611     1.00314    1.02369     0.95347   13.65026  
2021-02-25   1.05241   -9.20870     0.98428    8.63048     0.93449   20.19966     1.00249    1.26623     0.95317   13.79074  
2021-02-26   1.06190  -11.28823     0.98979    7.32170     0.93822   19.24802     1.01824   -2.30784     0.95541   13.18712  
2021-02-27   1.05187   -8.93903     0.98270    9.04081     0.92883   21.50394     1.00653    0.27563     0.95112   14.15800  
2021-02-28   1.04996   -8.74144     0.98074    9.50575     0.92290   22.90225     0.99687    2.20031     0.94012   16.75041  
2021-03-01   1.05510   -9.90607     0.98480    8.40480     0.92819   21.40182     1.00619    0.07554     0.94428   15.60815  
2021-03-02   1.05854  -10.46620     0.98433    8.67720     0.92886   21.34101     1.01237   -1.09016     0.94357   15.87596  
2021-03-03   1.05358   -9.26174     0.98605    8.30130     0.92647   21.93952     1.00677    0.28025     0.95590   13.03173  
2021-03-04   1.04381   -7.39278     0.97923    9.89615     0.92715   21.66332     0.98385    5.04672     0.94565   15.41498  
2021-03-05   1.05812  -10.36341     0.99195    6.93593     0.93229   20.66307     1.01783   -2.21157     0.96213   11.59535  
2021-03-06   1.05279   -9.27433     0.98646    8.19802     0.93010   21.11013     1.00915   -0.32372     0.95896   12.34062  
2021-03-07   1.04320   -7.54095     0.97968    9.67400     0.92322   22.71640     0.99136    3.28619     0.94864   14.65241  
2021-03-08   1.05360   -9.40172     0.98615    8.30509     0.94344   18.13035     1.01281   -1.00690     0.96446   11.18780  
2021-03-09   1.04978   -9.00740     0.97885    9.90088     0.92971   21.28313     1.00647   -0.08351     0.94803   14.85910  
2021-03-10   1.04953   -8.87149     0.97736   10.15735     0.92740   21.70787     1.00303    0.73594     0.94679   15.07229  
2021-03-11   1.05479   -9.82708     0.98531    8.37979     0.93299   20.45596     1.01381   -1.34288     0.96128   11.76763  
2021-03-12   1.04896   -8.56726     0.97939    9.70450     0.92495   22.22839     0.99326    2.98739     0.94561   15.33565  
2021-03-13   1.05116   -8.77627     0.98422    8.82423     0.93762   19.59441     1.00603    0.62203     0.96344   11.53876  
2021-03-14   1.05270   -9.35046     0.98156    9.31566     0.92968   21.36514     1.00870   -0.35167     0.95086   14.24887  
2021-03-15   1.05015   -8.78599     0.97942    9.78856     0.93048   21.12430     1.00645    0.24187     0.95173   14.01796  
2021-03-16   1.05367   -9.62275     0.98255    8.98093     0.93544   19.85177     1.00503    0.45835     0.95583   12.98700  
2021-03-17   1.04832   -8.53582     0.97749   10.11133     0.92295   22.70038     0.99260    3.03404     0.94245   15.99977  
2021-03-18   1.05737  -10.55303     0.98387    8.56700     0.93527   19.88077     1.00906   -0.53926     0.94599   15.20610  
2021-03-19   1.05053   -9.09753     0.98117    9.16219     0.92719   21.76847     0.99755    1.99475     0.94052   16.44887  
2021-03-20   1.04872   -8.83334     0.97757   10.00425     0.92372   22.58112     1.00002    1.52574     0.95000   14.25972  
2021-03-21   1.05020   -9.00113     0.98036    9.52071     0.93947   18.90105     0.99896    1.75790     0.95370   13.54311  
2021-03-22   1.05427   -9.61053     0.98431    8.76585     0.93451   20.27241     1.00584    0.53835     0.95645   13.03973  
2021-03-23   1.04528   -7.81719     0.97912    9.84823     0.92630   22.12520     1.00123    1.36532     0.95454   13.32768  
2021-03-24   1.05358   -9.60105     0.98026    9.49249     0.92680   21.78584     1.01154   -1.00365     0.95086   14.00720  
2021-03-25   1.05716  -10.71528     0.98381    8.45117     0.93726   19.03367     1.01444   -1.92486     0.95085   13.82148  
2021-03-26   1.05008   -8.97951     0.97699   10.15753     0.92269   22.64530     1.00115    1.13087     0.94479   15.35055  
2021-03-27   1.04588   -8.06946     0.97483   10.67370     0.92573   21.98024     0.99809    1.84740     0.94939   14.26731  
2021-03-28   1.05282   -9.81834     0.98061    9.21569     0.94035   18.33289     0.99325    2.63622     0.94817   14.47301  
2021-03-29   1.06488  -12.66569     0.99120    6.58922     0.95321   15.13783     1.00288    0.20799     0.95484   12.75028  
2021-03-30   1.04497   -7.87634     0.97277   11.15181     0.92170   22.99659     0.98544    4.69341     0.93752   17.09224  
2021-03-31   1.05874  -11.15284     0.98578    7.94712     0.94754   16.68236     1.00248    0.66940     0.94725   14.67867  
2021-04-01   1.05580  -10.35742     0.98377    8.57826     0.93159   20.77453     1.00396    0.55318     0.95351   13.46927  
2021-04-02   1.05361  -10.05998     0.98216    8.82429     0.94488   17.39715     0.99259    2.89698     0.94120   16.29113  
2021-04-03   1.05033   -9.10482     0.97429   10.89803     0.92705   21.89377     0.99259    3.07980     0.93979   16.77352  
2021-04-04   1.05637  -10.45385     0.98185    8.95099     0.93538   19.62595     1.00879   -0.76140     0.94964   14.05640  
2021-04-05   1.05214   -9.55322     0.98078    9.16218     0.92753   21.49314     0.99947    1.47202     0.94741   14.71777  
2021-04-06   1.05012   -9.30731     0.97205   11.18827     0.92326   22.41824     0.99347    2.51510     0.92839   19.03707  
2021-04-07   1.05077   -9.18288     0.97685   10.23548     0.92956   21.14009     0.99780    1.95220     0.94347   15.78889  
2021-04-08   1.05777  -10.76592     0.98572    8.10778     0.94773   16.81141     1.01339   -1.63749     0.95952   11.93956  
2021-04-09   1.04939   -9.11761     0.98327    8.55988     0.92948   21.07176     0.99032    3.11218     0.94585   14.93198  
2021-04-10   1.04087   -7.23191     0.97531   10.63648     0.93138   20.94184     0.97977    5.86108     0.94659   15.20531  
2021-04-11   1.05649  -10.38328     0.98808    7.73449     0.95295   15.94239     1.00835   -0.16762     0.96136   11.89237  
2021-04-12   1.05322   -9.71235     0.98417    8.59976     0.94551   17.71443     0.99984    1.63206     0.95300   13.83798  
2021-04-13   1.05212   -9.36967     0.98194    9.18553     0.94246   18.46858     1.00281    1.03662     0.94798   15.07328  
2021-04-14   1.04490   -7.86858     0.97546   10.67676     0.92285   23.13611     0.99581    2.22808     0.93652   17.51834  
2021-04-15   1.04631   -8.50864     0.97379   10.76849     0.92281   22.84926     1.00214    0.37445     0.93630   17.17389  
2021-04-16   1.04952   -9.17016     0.98052    9.27249     0.94327   18.07356     1.00329    0.54671     0.94352   15.81567  
2021-04-17   1.04778   -9.15724     0.97763    9.88266     0.93660   19.66834     0.99453    2.24890     0.93668   17.47345  
2021-04-18   1.06619  -13.07959     0.98929    7.08280     0.95576   15.08662     1.00507   -0.05056     0.93476   17.96060  
2021-04-19   1.04224   -7.75961     0.97201   11.29421     0.92316   23.08133     0.97080    7.74004     0.91728   22.22760  
2021-04-20   1.05176   -9.88985     0.98127    8.98135     0.94255   18.23927     0.99985    1.11918     0.93701   17.28475  
2021-04-21   1.05154   -9.56673     0.97975    9.51369     0.93950   19.25956     1.00152    1.18743     0.93920   17.11761  
2021-04-22   1.05653  -10.96661     0.98174    8.83733     0.94834   16.85261     1.00746   -0.52953     0.93898   16.89954  
2021-04-23   1.04605   -8.39988     0.97403   10.90619     0.92740   22.29527     0.98830    3.91159     0.92182   21.23801  
2021-04-24   1.04291   -7.73356     0.97062   11.60525     0.92411   22.90953     0.98687    4.14773     0.92371   20.59318  
2021-04-25   1.04624   -8.42687     0.97684   10.12256     0.93200   21.03253     0.99698    1.95561     0.93736   17.31977  
2021-04-26   1.04972   -9.28658     0.97900    9.67884     0.93915   19.29341     1.00172    0.78460     0.93810   17.12534  
2021-04-27   1.05732  -10.90432     0.98232    8.79171     0.94744   17.13903     1.01103   -1.18274     0.94117   16.43337  
2021-04-28   1.05188   -9.69325     0.97935    9.56919     0.94382   18.02161     1.00036    1.23894     0.94015   16.75628  
2021-04-29   1.05382  -10.20960     0.98208    8.79045     0.94660   17.21349     1.00901   -0.94018     0.94395   15.61128  
2021-04-30   1.05272   -9.91478     0.97827    9.78277     0.93544   20.07590     1.00044    0.96671     0.93004   19.03391  
2021-05-01   1.04592   -8.66241     0.97605   10.22502     0.93159   20.93662     0.99287    2.58807     0.93367   18.07687  
2021-05-02   1.04810   -9.13909     0.97768    9.87966     0.93879   19.29823     0.99681    1.94371     0.93538   17.86372  
2021-05-03   1.04650   -8.58230     0.97674   10.18188     0.93625   20.05936     0.99281    2.85725     0.92496   20.39258  
2021-05-04   1.04940   -9.38728     0.98092    9.10997     0.94434   18.03071     1.00162    0.91353     0.93694   17.53861  
2021-05-05   1.04616   -8.69037     0.97568   10.46791     0.93983   19.18981     0.99422    2.69574     0.93038   19.27146  
2021-05-06   1.04750   -8.77096     0.97746    9.92555     0.93838   19.41091     0.99461    2.36368     0.92928   19.14939  
2021-05-07   1.04834   -9.06612     0.97801    9.82676     0.93534   20.21863     0.99481    2.46686     0.93115   18.87744  
2021-05-08   1.04912   -9.30679     0.97777    9.79328     0.93767   19.50399     0.99094    3.20207     0.92400   20.39761  
2021-05-09   1.05776  -11.04317     0.98427    8.34345     0.94778   17.16524     1.00688   -0.08018     0.93151   18.92511  
2021-05-10   1.04698   -8.74284     0.97606   10.29923     0.92934   21.61523     0.98401    4.85310     0.91132   23.58871  
2021-05-11   1.04713   -9.14096     0.97863    9.49559     0.93262   20.64397     0.99179    2.39537     0.92082   20.81213  
2021-05-12   1.04915   -9.12037     0.97892    9.70503     0.93523   20.32608     0.98948    3.63043     0.91091   23.76068  
2021-05-13   1.05505  -10.56826     0.98576    7.96150     0.94866   16.79098     1.00120    0.66898     0.94188   16.07985  
2021-05-14   1.05333  -10.20941     0.98202    8.83300     0.94084   18.74559     0.99483    2.00446     0.93669   17.26292  
2021-05-15   1.04563   -8.38574     0.97631   10.33869     0.93605   20.04753     0.98234    4.94296     0.92471   20.32444  
2021-05-16   1.04310   -8.00819     0.97510   10.51247     0.93545   20.06091     0.98526    4.06969     0.93076   18.66444  
2021-05-17   1.04494   -8.18616     0.97633   10.31612     0.93448   20.53114     0.98533    4.25299     0.91720   21.99401  
2021-05-18   1.04966   -9.47987     0.97926    9.43966     0.93991   18.96407     0.99303    2.32251     0.93056   18.64906  
2021-05-19   1.04362   -8.40065     0.97429   10.54511     0.93285   20.73245     0.97145    7.04286     0.90248   25.47450  
2021-05-20   1.05698  -11.07710     0.98435    8.23293     0.95066   16.46770     0.99084    3.02471     0.92160   21.05848  
2021-05-21   1.04604   -8.34435     0.97596   10.42114     0.93331   20.89900     0.98160    5.29240     0.91838   21.96344  
2021-05-22   1.05818  -11.52580     0.98453    8.02387     0.94839   16.81748     0.99225    2.13937     0.93263   18.00446  
2021-05-23   1.04227   -8.10316     0.97219   11.19443     0.93288   20.87684     0.96652    7.95499     0.89982   26.13665  
2021-05-24   1.04082   -7.81136     0.97524   10.36282     0.93679   19.98558     0.97187    6.77817     0.92241   20.65182  
2021-05-25   1.04994   -9.76758     0.98078    9.04485     0.94460   17.96790     0.98047    4.58857     0.90712   24.16352  
2021-05-26   1.04575   -8.73667     0.97857    9.32572     0.95788   14.30061     0.95809    8.92598     0.90189   24.61940  
2021-05-27   1.04421   -9.85652     0.97170   10.22313     0.92592   21.43835     0.95569    7.16819     0.86264   32.77136  
2021-05-28   1.05521  -11.92492     0.98115    8.34512     0.94401   17.25241     0.97847    2.90105     0.89059   26.80791  
2021-05-29   1.03975   -8.75226     0.97014   10.74357     0.92460   21.69136     0.95158    8.04387     0.85967   33.49055  
2021-05-30   1.04778  -10.28977     0.97462    9.73771     0.93251   19.70611     0.97646    3.38086     0.89181   25.83061  
2021-05-31   1.04806  -10.00392     0.97494    9.80391     0.92410   22.01607     0.97493    4.47720     0.91236   21.41692  
2021-06-01   1.06237  -12.97944     0.98547    7.37468     0.95691   14.00200     0.99412    0.81171     0.92324   19.31892  
2021-06-02   1.03996   -7.89210     0.96886   11.39501     0.92213   22.62530     0.95327    9.62383     0.90380   23.70860  
2021-06-03   1.05855  -12.36995     0.98586    7.31754     0.94948   16.04247     1.00271   -1.06745     0.93394   16.84450  
2021-06-04   1.04897  -10.34952     0.98048    8.68049     0.93665   19.39491     0.97603    4.55393     0.90824   23.05342  
2021-06-05   1.04065   -8.62593     0.97454   10.02711     0.93317   20.13229     0.95865    7.65194     0.89169   26.36092  
2021-06-06   1.04095   -8.97304     0.97285   10.33843     0.93097   20.49633     0.94429   10.22849     0.86179   33.29340  
2021-06-07   1.05156  -11.29981     0.97819    8.96176     0.94193   17.88268     0.95972    6.63993     0.87609   29.63512  
2021-06-08   1.05410  -11.67688     0.98166    8.21836     0.94295   17.80511     0.96080    6.62600     0.89200   25.98605  
2021-06-09   1.04939  -10.68925     0.97623    9.51048     0.93443   19.80352     0.94664    9.21044     0.86144   32.94884  
2021-06-10   1.04808  -10.36736     0.97770    9.15500     0.93741   19.09464     0.94197   10.36580     0.86167   32.92650  
2021-06-11   1.05817  -12.83631     0.98249    7.79356     0.94527   16.80555     0.95491    6.95036     0.87601   28.97887  
2021-06-12   1.04332  -10.06305     0.97134   10.24109     0.92614   21.11808     0.93037   11.97382     0.86358   31.58475  
2021-06-13   1.05191  -11.29878     0.97823    8.95478     0.94150   17.94109     0.95190    8.63608     0.87590   29.82318  
2021-06-14   1.05255  -11.20456     0.97652    9.28057     0.93647   18.97313     0.95845    6.78162     0.89124   25.42546  
2021-06-15   1.04715  -10.32233     0.97838    8.99792     0.94439   17.64269     0.97230    4.66969     0.90545   23.16488  
2021-06-16   1.05277  -11.53197     0.98074    8.42464     0.94533   17.44130     0.97529    4.19076     0.90032   24.71932  
2021-06-17   1.07053  -13.46194     0.99544    5.73276     0.97562   11.05108     1.00789   -1.12944     0.93637   17.22799  
2021-06-18   1.06063  -11.77161     0.98568    7.85446     0.95683   15.41865     0.98020    3.88298     0.89870   25.62584  
2021-06-19   1.05973  -12.01444     0.98451    8.05280     0.95547   15.57511     0.98318    3.32235     0.90148   25.07820  
2021-06-20   1.07259  -14.73577     0.99758    4.99960     0.97132   11.58824     1.00302   -1.39656     0.91988   20.31726  
2021-06-21   1.06601  -13.24038     0.99228    6.32875     0.96274   13.64678     0.98813    2.18925     0.90831   23.32898  
2021-06-22   1.07146  -14.03739     0.99517    5.71283     0.96682   12.42335     0.98082    3.65324     0.89860   25.53041  
2021-06-23   1.05797  -11.07649     0.98491    8.22575     0.94917   16.75530     0.96439    7.09801     0.88610   28.21424  
2021-06-24   1.06037  -11.60260     0.98739    7.70196     0.95413   15.59913     0.97860    4.25256     0.89812   25.43254  
2021-06-25   1.05274  -10.65179     0.98240    8.48023     0.94503   17.37615     0.95040    9.57237     0.85927   34.02992  
2021-06-26   1.05656  -11.70830     0.98424    7.94366     0.93760   18.85658     0.96452    6.18343     0.87527   29.99328  
2021-06-27   1.04605   -9.39322     0.97231   10.85576     0.91772   23.86509     0.94507   10.54243     0.85149   35.90422  
2021-06-28   1.05471  -11.56768     0.97382   10.12920     0.92771   20.89998     0.95308    7.91147     0.86558   31.63185  
2021-06-29   1.05823  -12.45865     0.97714    9.25433     0.93427   18.82317     0.94896    7.99929     0.85424   33.71839  
2021-06-30   1.03663   -7.80687     0.96028   13.33492     0.89506   28.52539     0.91180   15.55007     0.79935   46.37767  
2021-07-01   1.04623   -9.96038     0.97406   10.12916     0.92706   21.26847     0.93847   10.88476     0.84300   37.13762  
2021-07-02   1.04146   -8.17977     0.97064   11.33352     0.93572   19.89775     0.93854   12.23747     0.84717   37.03315  
2021-07-03   1.05185  -11.65021     0.97794    8.86590     0.93555   19.03046     0.96744    4.84806     0.88512   27.21532  
2021-07-04   1.03956   -8.98530     0.96292   12.58459     0.91979   22.93597     0.95711    8.01609     0.88551   27.78647  
2021-07-05   1.04499  -10.06780     0.97628    9.67827     0.95179   15.74430     0.97543    4.13881     0.89887   25.10460  
2021-07-06   1.05737  -11.65540     0.98318    8.34451     0.95891   14.47315     0.98472    2.59496     0.90730   23.58544  
2021-07-07   1.05068  -10.04851     0.97823    9.74153     0.95142   16.57837     0.96942    6.48602     0.89561   26.74525  
2021-07-08   1.05646  -10.95437     0.98441    8.50927     0.94692   17.86946     0.97101    6.59452     0.89615   26.94876  
2021-07-09   1.05502  -10.87819     0.98624    8.03909     0.95994   14.63520     0.97956    4.64682     0.89953   25.95200  
2021-07-10   1.05555  -10.96182     0.98274    8.71677     0.95189   16.30038     0.96718    7.31675     0.88929   28.44421  
2021-07-11   1.06622  -13.57225     0.99726    5.34388     0.99184    6.79244     1.00210   -0.17185     0.93137   18.51639  
2021-07-12   1.06327  -13.08019     0.99343    6.14836     0.97111   11.49137     0.97888    4.33279     0.90707   24.13690  
2021-07-13   1.06252  -12.63218     0.98172    8.67601     0.94857   16.65477     0.94759   10.29513     0.85499   35.99716  
2021-07-14   1.05960  -11.89671     0.98339    8.32295     0.94535   17.28178     0.91865   15.53204     0.82586   42.11822  
2021-07-15   1.07199  -14.95600     0.99036    6.40563     0.96541   12.03522     0.97588    3.51740     0.85456   35.12460  
2021-07-16   1.05996  -12.17587     0.98308    8.39916     0.93809   18.97963     0.94859   10.30470     0.83817   39.67717  
2021-07-17   1.05992  -11.76842     0.98199    8.97628     0.95347   15.94947     0.99052    2.62123     0.90555   24.73618  
2021-07-18   1.06002  -11.94277     0.98239    8.73310     0.96034   14.27979     0.98614    3.27325     0.90366   25.15839  
2021-07-19   1.05545  -11.05436     0.98241    8.81103     0.96348   13.54268     0.97231    6.63176     0.89948   26.39875  
2021-07-20   1.06576  -13.04019     0.99058    6.93602     0.96932   11.96791     0.97271    6.22851     0.89062   28.21889  
2021-07-21   1.06493  -12.78353     0.98971    7.09962     0.96733   12.55865     0.97009    6.36604     0.88752   28.71676  
2021-07-22   1.06377  -13.15170     0.98862    7.00633     0.96733   12.03882     0.97632    4.43024     0.89684   25.90772  
2021-07-23   1.07763  -15.94332     0.99910    4.67057     0.98083    8.92955     0.99700    0.37638     0.91464   22.04803  
2021-07-24   1.06143  -12.28220     0.98499    8.06712     0.95288   15.95410     0.98102    4.35346     0.90403   24.91609  
2021-07-25   1.07219  -14.74774     0.99325    5.96207     0.96811   11.92436     0.98310    3.27915     0.90085   25.16561  
2021-07-26   1.06535  -13.03006     0.98831    7.29966     0.95352   15.46373     0.97432    5.51040     0.88749   28.42583  
2021-07-27   1.06522  -12.77350     0.98804    7.44043     0.94865   16.65554     0.96966    6.31993     0.88130   29.70421  
2021-07-28   1.07006  -13.86591     0.99087    6.76304     0.95381   15.20825     0.95385    9.61721     0.85591   35.69311  
2021-07-29   1.06039  -12.15928     0.98099    8.90996     0.93665   19.13624     0.97090    6.53929     0.88294   29.46464  
2021-07-30   1.07257  -14.80228     0.99286    6.09315     0.95833   13.81817     0.96166    7.11812     0.86491   33.14288  
2021-07-31   1.06365  -12.73232     0.98634    7.71670     0.96342   13.12590     0.96913    6.73830     0.88544   29.00991  
2021-08-01   1.07156  -14.91425     0.99034    6.52236     0.96817   11.65146     0.98946    1.78339     0.91059   22.66652  
2021-08-02   1.07062  -14.32762     0.99233    6.34659     0.98288    8.40378     1.00885   -1.23734     0.93421   17.81552  
2021-08-03   1.07663  -14.94124     0.99776    5.48623     0.97824    9.91937     1.00278    0.37240     0.91699   22.05613  
2021-08-04   1.06556  -13.50625     0.98389    8.07817     0.94727   16.60786     0.96510    6.74151     0.86311   33.92520  
2021-08-05   1.05531  -11.94188     0.98063    8.52145     0.94717   15.99317     0.95917    7.80967     0.87849   29.76877  
2021-08-06   1.05174  -10.97867     0.97415   10.38603     0.93948   18.82229     0.97966    4.57277     0.90034   25.71367  
2021-08-07   1.06137  -12.33078     0.98197    8.79107     0.95265   15.89050     0.99519    1.73173     0.91472   22.55815  
2021-08-08   1.06225  -12.69327     0.98144    8.73213     0.94726   16.58832     0.97300    5.53930     0.88384   29.20308  
2021-08-09   1.06334  -12.66815     0.98603    7.82327     0.94671   16.73444     0.95685    8.19175     0.85847   34.61270  
2021-08-10   1.05104  -10.17927     0.97464   10.44021     0.94560   17.10750     0.94691   10.83706     0.86881   32.49126  
2021-08-11   1.07084  -14.02595     0.98826    7.20198     0.94881   15.95448     0.95976    7.81816     0.87190   31.37123  
2021-08-12   1.06579  -13.68672     0.98232    8.25850     0.93703   18.41877     0.93184   12.94963     0.82907   41.12428  
2021-08-13   1.05990  -12.67232     0.98205    8.29872     0.93610   18.72114     0.95013    9.44104     0.89066   26.93785  
2021-08-14   1.07922  -15.64930     0.99818    4.93519     0.94925   15.57750     0.98256    2.76221     0.90866   22.60110  
2021-08-15   1.06801  -13.51353     0.98323    8.14655     0.91027   23.93292     0.94184   10.57124     0.86157   32.82269  
2021-08-16   1.05311  -10.76678     0.97096   10.85543     0.89675   27.14651     0.93689   11.77309     0.87589   29.72086  
2021-08-17   1.06064  -12.20757     0.97750    9.34773     0.91677   22.52636     0.95709    7.92276     0.90235   23.77993  
2021-08-18   1.06332  -12.53271     0.98179    8.52781     0.94142   17.14375     0.97802    4.27706     0.91702   20.86925  
2021-08-19   1.05776  -11.52722     0.98063    8.94339     0.93204   19.44941     0.97110    5.55231     0.90647   23.33436  
2021-08-20   1.05661  -11.53004     0.97519    9.92144     0.91155   23.85169     0.95314    8.08564     0.84217   37.24542  
2021-08-21   1.04508   -9.96845     0.96179   12.52775     0.87276   32.18628     0.93627   10.30873     0.78184   49.64825  
2021-08-22   1.05099  -10.39679     0.97127   10.66499     0.88591   29.07815     0.94921    8.72228     0.83909   37.28842  
2021-08-23   1.05510  -10.64050     0.97325   10.50350     0.89855   26.19840     0.97331    5.13374     0.94588   14.35629  
2021-08-24   1.07976  -13.95474     0.99839    5.54734     0.90222   25.28482     0.98389    3.23400     0.91337   21.38172  
2021-08-25   1.06658  -12.08765     0.97586    9.97658     0.81394   43.51628     0.93948   10.31592     0.87251   29.44982  
2021-08-26   1.06880  -12.40014     0.98373    8.53340     0.86139   33.87609     0.96963    5.65856     0.87600   29.43688  
2021-08-27   1.07058  -12.05054     0.99209    7.18840     0.91042   24.07576     0.99841    1.46544     0.94849   14.58599  
2021-08-28   1.06658  -11.33055     0.99290    7.03531     0.86253   34.09717     0.97640    5.03895     0.93359   17.43135  
2021-08-29   1.07215  -12.35780     0.98809    8.00569     0.86835   32.84526     0.99430    1.75185     0.93521   17.10295  
2021-08-30   1.07607  -12.42651     0.99922    6.10146     0.88326   30.15314     1.01095   -0.23730     0.98535    6.98016  
2021-08-31   1.07623  -12.09273     1.00536    4.94167     0.84058   38.96841     0.99856    1.91917     0.96804   10.62583  
2021-09-01   1.07797  -12.31595     1.00993    4.10748     0.84126   38.78201     1.00169    1.25204     0.99005    6.00291  
2021-09-02   1.07937  -12.13436     1.01779    2.74917     0.85402   36.40868     1.00798    0.65248     1.00069    3.97885  
2021-09-03   1.09401  -14.49919     1.02814    0.62284     0.88263   30.57378     1.02684   -2.40875     1.03613   -3.61001  
2021-09-04   1.08323  -13.22583     1.02070    1.64570     0.87257   32.50151     0.98861    4.18440     0.99669    4.55766  
2021-09-05   1.09263  -16.00264     1.01958    1.28097     0.87727   30.84597     1.00773   -0.48343     0.96038   11.84858  
2021-09-06   1.08343  -13.81622     1.01274    3.03649     0.89305   27.70089     1.02657   -3.09107     0.96722   10.47597  
2021-09-07   1.07845  -12.81155     1.01625    2.61725     0.88073   30.80984     1.00651    0.68139     0.98580    6.99059  
2021-09-08   1.07612  -12.45974     1.00731    4.40494     0.86799   33.57220     1.00485    1.09883     0.97561    9.19249  
2021-09-09   1.08692  -15.20759     1.00847    3.59827     0.89552   27.17293     1.03061   -4.55913     0.92720   18.99458  
2021-09-10   1.06485  -10.55965     1.00283    5.39512     0.87683   32.03440     0.99592    3.30433     0.97024   10.69002  
2021-09-11   1.07532  -13.17054     1.00991    3.36332     0.88077   30.47875     0.99993    1.50451     0.96374   11.37964  
2021-09-12   1.08603  -14.92684     1.01375    2.59287     0.90236   25.85060     1.01112   -0.50511     0.95825   12.71952  
2021-09-13   1.06946  -11.91535     1.00209    5.07656     0.89232   28.08520     0.99823    1.92681     0.93898   16.78126  
2021-09-14   1.07195  -12.01742     1.00422    4.83379     0.89259   28.31742     1.02050   -2.09843     0.95779   12.81747  
2021-09-15   1.05939   -9.96877     0.99067    7.56604     0.87830   31.36275     0.98980    3.16079     0.90588   23.77179  
2021-09-16   1.06684  -10.74065     1.00212    5.50953     0.89766   27.71339     1.01804   -1.04117     0.97691    9.02149  
2021-09-17   1.07208  -11.87313     1.00374    4.99395     0.90041   26.92834     1.02918   -3.37924     0.96315   11.81833  
2021-09-18   1.05748   -9.58065     0.98632    8.70330     0.86903   33.85880     0.98932    3.55995     0.90263   24.83033  
2021-09-19   1.05729   -9.91679     0.99243    7.11799     0.89931   27.35928     0.99206    2.84595     0.90841   23.53053  
2021-09-20   1.06155  -10.23206     0.99634    6.61093     0.89609   28.12135     1.00682    0.79490     0.92379   20.55952  
2021-09-21   1.06606  -11.42194     0.99909    5.81447     0.88803   29.39108     1.00063    1.19045     0.94477   15.58612  
2021-09-22   1.06181  -10.36574     0.99522    6.74588     0.88274   30.82146     1.00871    0.20858     0.96110   12.21252  
2021-09-23   1.06081   -9.86275     0.99643    6.59965     0.89250   28.80156     1.00325    1.47134     0.95684   13.18173  
2021-09-24   1.07301  -12.24241     1.00770    4.17378     0.91752   23.38186     1.01597   -1.16433     0.98022    8.04706  
2021-09-25   1.07227  -12.16422     1.00717    4.09465     0.92246   22.00020     1.00758    0.24024     0.96693   10.69289  
2021-09-26   1.06331  -10.44291     1.00048    5.80424     0.92260   22.38768     1.01450   -0.68702     0.98361    7.40302  
2021-09-27   1.07011  -12.07937     1.00059    5.38598     0.91874   23.02574     1.01956   -2.13905     0.94987   14.47254  
2021-09-28   1.06264  -10.51101     0.99956    5.85573     0.91239   24.55846     0.99509    2.65356     0.96266   11.86647  
2021-09-29   1.05975  -10.03711     0.99756    6.17583     0.91337   24.37067     1.00461    0.84202     0.96186   11.84754  
2021-09-30   1.06641  -11.20719     0.99967    5.77415     0.92319   22.15742     1.01767   -1.74034     0.96623   10.92901  
2021-10-01   1.05677   -9.05248     0.99401    7.21325     0.91928   23.44962     1.00923    0.39098     0.96898   10.51763  
2021-10-02   1.07369  -12.73905     1.00557    4.33914     0.93631   19.35212     1.02337   -3.05726     0.97023    9.96962  
2021-10-03   1.06780  -11.70247     1.00041    5.48019     0.92894   20.99158     1.00922   -0.29782     0.95974   12.29602  
2021-10-04   1.06901  -11.33888     0.99975    5.81418     0.93397   20.02759     1.02371   -2.51688     0.96978   10.21374  
2021-10-05   1.05951   -9.86404     0.99442    6.66603     0.92746   21.15216     0.99787    2.14425     0.94999   14.30489  
2021-10-06   1.06072   -9.97738     0.99737    6.21430     0.92550   21.78715     1.01164   -0.58475     0.97011    9.92833  
2021-10-07   1.06152  -10.26744     0.99622    6.44324     0.92466   21.91261     1.01582   -1.59511     0.96488   10.98270  
2021-10-08   1.05831   -9.25236     0.99302    7.32981     0.92153   22.90179     1.01324   -0.62519     0.96853   10.39249  
2021-10-09   1.05794   -9.29679     0.99274    7.38856     0.92042   23.14096     1.01391   -0.92459     0.97045    9.88717  
2021-10-10   1.05752   -9.14838     0.99236    7.47617     0.92049   23.20494     1.01348   -0.67131     0.96731   10.66843  
2021-10-11   1.06179  -10.05554     0.99597    6.54068     0.92808   21.32632     1.01983   -2.19385     0.96914   10.05392  
2021-10-12   1.05913   -9.43366     0.99175    7.50368     0.92132   22.92742     1.01579   -1.20045     0.96424   11.21012  
2021-10-13   1.06297  -10.23520     0.99448    6.89806     0.92371   22.34767     1.01803   -1.76411     0.96608   10.78227  
2021-10-14   1.05517   -8.59863     0.99122    7.73216     0.92356   22.48619     1.00760    0.50646     0.97006   10.02760  
2021-10-15   1.05757   -9.29103     0.99221    7.44296     0.92504   22.15186     1.01277   -0.69172     0.97037    9.90131  
2021-10-16   1.06299  -10.53484     0.99562    6.63142     0.93679   19.45052     1.01836   -1.97220     0.97255    9.40782  
2021-10-17   1.05547   -9.03956     0.99011    7.84088     0.93150   20.68731     1.01158   -0.56232     0.96732   10.50009  
2021-10-18   1.05454   -8.57284     0.98566    8.92278     0.93079   20.89830     1.01323   -0.50289     0.96684   10.75246  
2021-10-19   1.04525   -6.58875     0.97888   10.68381     0.92339   22.75597     0.99946    2.19319     0.97289    9.39734  
2021-10-20   1.05114   -8.33555     0.98413    9.15906     0.92548   22.08311     1.00917   -0.24494     0.96410   11.17942  
2021-10-21   1.05432   -9.19391     0.98883    8.04468     0.93700   19.42244     1.01907   -2.18740     0.97159    9.54092  
2021-10-22   1.05600   -9.42625     0.98911    7.96606     0.93984   18.83021     1.01409   -1.01558     0.97206    9.47800  
2021-10-23   1.05261   -8.75931     0.98940    7.82160     0.94129   18.45476     1.01396   -0.99185     0.97585    8.49641  
2021-10-24   1.04617   -7.47043     0.98352    9.29175     0.93720   19.47404     1.00154    1.65948     0.96555   11.03186  
2021-10-25   1.04920   -8.03833     0.98382    9.11757     0.94464   17.59366     1.00733    0.29981     0.97029    9.69894  
2021-10-26   1.05724   -9.68524     0.98646    8.49361     0.95191   15.92617     1.01216   -0.62201     0.97573    8.53488  
2021-10-27   1.05290   -8.94553     0.98247    9.33193     0.94381   17.83767     1.00562    0.78644     0.97141    9.54794  
2021-10-28   1.05676   -9.79775     0.98406    8.94627     0.94524   17.59194     1.01274   -0.60520     0.96416   11.35482  
2021-10-29   1.05364   -9.16568     0.98339    9.07476     0.94507   17.63207     1.01389   -1.04912     0.96810   10.30359  
2021-10-30   1.04733   -8.02304     0.97895   10.10477     0.94290   18.08279     1.00325    1.00733     0.96695   10.50721  
2021-10-31   1.04490   -7.49040     0.97761   10.33807     0.93812   19.18252     1.00304    1.20972     0.96354   11.28963  
2021-11-01   1.05089   -9.23816     0.98297    8.96054     0.95080   16.06232     1.01378   -1.53231     0.97200    9.22077  
2021-11-02   1.04466   -8.17583     0.97716   10.15909     0.93918   18.63552     0.99275    2.69562     0.95678   12.61779  
2021-11-03   1.04966   -9.03137     0.98239    8.99507     0.94487   17.37639     0.99718    2.05173     0.95684   12.77835  
2021-11-04   1.03662   -6.23646     0.97461   10.92611     0.93211   20.41785     0.99182    3.14917     0.95696   12.68700  
2021-11-05   1.04690   -8.02976     0.97988    9.79302     0.93195   20.60143     1.00504    0.50565     0.96777   10.24832  
2021-11-06   1.05990  -10.85288     0.98913    7.54331     0.94862   16.61363     1.02699   -4.12253     0.97282    9.09724  
2021-11-07   1.05085   -8.63172     0.98196    9.43502     0.94212   18.37439     1.01572   -1.57510     0.97525    8.64812  
2021-11-08   1.04660   -8.01822     0.98152    9.40843     0.94383   17.86072     1.00920   -0.41857     0.97466    8.62189  
2021-11-09   1.04360   -7.17462     0.97506   10.99942     0.93856   19.22330     1.00286    1.27634     0.96488   11.07358  
2021-11-10   1.04533   -7.71682     0.97775   10.25502     0.93851   19.09339     1.00757    0.07794     0.96843   10.07779  
2021-11-11   1.04497   -7.44307     0.97619   10.73445     0.93795   19.39413     1.00431    0.90322     0.96727   10.51721  
2021-11-12   1.04634   -7.90573     0.97653   10.59262     0.93896   19.05197     1.00928   -0.47465     0.96842   10.08176  
2021-11-13   1.04671   -8.22724     0.97899    9.84550     0.94204   18.15040     1.00867   -0.51938     0.96597   10.50683  
2021-11-14   1.04102   -6.84965     0.97338   11.26611     0.93897   18.87695     0.99908    1.78144     0.96592   10.59265  
2021-11-15   1.03584   -5.79786     0.96813   12.47417     0.92897   21.23836     0.98788    4.13153     0.95683   12.71125  
2021-11-16   1.05053   -9.13124     0.97996    9.66700     0.94618   17.16980     1.01492   -1.82684     0.96885    9.92920  
2021-11-17   1.04837   -8.45321     0.97833   10.12227     0.94584   17.33889     1.00830   -0.17053     0.96556   10.79199  
2021-11-18   1.05067   -8.75511     0.98044    9.69562     0.94897   16.66260     1.01813   -2.19798     0.97912    7.62671  
2021-11-19   1.04499   -7.76557     0.97354   11.17475     0.93910   18.85527     1.00206    1.11185     0.96167   11.56046  
2021-11-20   1.04440   -7.63696     0.97199   11.47879     0.93637   19.35493     1.00219    1.05453     0.95808   12.32749  
2021-11-21   1.04628   -8.04819     0.97601   10.54775     0.93879   18.80186     1.00343    0.83868     0.95921   12.12351  
2021-11-22   1.04584   -7.97743     0.97546   10.73615     0.93747   19.17573     1.00211    1.12047     0.95895   12.26256  
2021-11-23   1.04229   -7.13060     0.97273   11.45495     0.93898   18.82915     1.00218    1.03167     0.96424   11.06052  
2021-11-24   1.03674   -5.75398     0.97012   12.04227     0.93307   20.20172     0.99700    2.31977     0.96273   11.33867  
2021-11-25   1.03551   -5.65465     0.96782   12.49461     0.92524   21.96415     0.99229    3.07270     0.95941   11.98473  
2021-11-26   1.04418   -7.52346     0.97333   11.25095     0.93311   20.17034     1.00544    0.26227     0.96040   11.85514  
2021-11-27   1.04658   -8.04059     0.97287   11.38371     0.93266   20.22480     1.00845   -0.43456     0.96198   11.45754  
2021-11-28   1.04489   -7.66982     0.97272   11.37562     0.93501   19.58863     1.00340    0.77837     0.96131   11.58645  
2021-11-29   1.03978   -6.37370     0.97032   11.99387     0.92846   21.16737     0.99732    2.30123     0.96008   11.87950  
2021-11-30   1.04840   -8.30788     0.97659   10.50876     0.93277   20.12548     1.00836   -0.21972     0.96458   10.85464  
2021-12-01   1.05239   -9.22629     0.97869   10.04677     0.93660   19.20778     1.01388   -1.35658     0.96445   10.92401  
2021-12-02   1.04227   -6.98583     0.97302   11.37047     0.93008   20.74245     0.99874    1.89926     0.96017   11.83644  
2021-12-03   1.04549   -8.14844     0.97967    9.83471     0.94367   17.69799     1.00605    0.15263     0.97315    9.06220  
2021-12-04   1.05246   -9.21887     0.98682    8.25220     0.95033   16.34056     1.01105   -0.64413     0.96107   12.02454  
2021-12-05   1.05930  -10.88731     0.98625    8.15752     0.94935   16.23591     1.01438   -1.73518     0.96171   11.47606  
2021-12-06   1.04611   -8.06063     0.97749   10.24225     0.93684   19.24089     1.00525    0.29185     0.96504   10.77724  
2021-12-07   1.04935   -8.83188     0.98112    9.35736     0.93795   19.03440     1.00776   -0.19899     0.96409   11.03344  
2021-12-08   1.05593  -10.12639     0.98499    8.48500     0.94574   17.15943     1.01211   -1.10729     0.96023   11.87213  
2021-12-09   1.05463   -9.79693     0.98346    8.85878     0.94369   17.62915     1.00981   -0.58352     0.95486   13.14270  
2021-12-10   1.05502   -9.87373     0.98550    8.41371     0.93760   19.21118     1.00837   -0.11984     0.95725   12.74468  
2021-12-11   1.06160  -11.20919     0.99089    7.19461     0.94591   17.24741     1.02170   -3.06684     0.96484   10.96107  
2021-12-12   1.06024  -11.00864     0.98884    7.62576     0.94371   17.69723     1.01697   -2.11100     0.96350   11.15953  
2021-12-13   1.05740  -10.43198     0.98475    8.55397     0.94291   17.81618     1.00760   -0.02831     0.96083   11.74734  
2021-12-14   1.05382   -9.41585     0.98411    8.77700     0.94230   18.01034     1.00227    1.38940     0.96125   11.81164  
2021-12-15   1.06300  -11.55066     0.99211    6.88511     0.95068   16.11483     1.01059   -0.55664     0.96888   10.05885  
2021-12-16   1.05152   -9.08123     0.98525    8.50802     0.94356   17.75760     0.99445    2.97810     0.95950   12.24015  
2021-12-17   1.05509   -9.77555     0.98808    7.87105     0.93648   19.50709     1.00610    0.43939     0.97001    9.72999  
2021-12-18   1.06131  -11.02313     0.99122    7.11304     0.94521   17.47446     1.01343   -1.06672     0.96255   11.54167  
2021-12-19   1.06084  -11.33827     0.99202    6.83101     0.95622   14.64508     1.01065   -0.94512     0.96755   10.19271  
2021-12-20   1.05585  -10.32892     0.98444    8.62966     0.94782   16.67113     1.00409    0.27855     0.95961   12.03228  
2021-12-21   1.04641   -8.20323     0.97587   10.62570     0.93391   20.02353     0.99547    2.31953     0.96003   11.95267  
2021-12-22   1.06049  -11.19409     0.98940    7.43342     0.93707   19.13274     1.00275    0.69207     0.95057   14.16253  
2021-12-23   1.05700  -10.31724     0.98759    7.86222     0.94536   17.30418     1.01504   -1.79180     0.96364   11.09403  
2021-12-24   1.05057   -8.78608     0.98385    9.00197     0.93422   20.34471     0.99817    2.27555     0.96296   11.59917  
2021-12-25   1.06990  -13.21735     0.99631    5.73987     0.95380   15.20616     1.02587   -4.40410     0.96793    9.98975  
2021-12-26   1.04808   -8.58454     0.98029    9.49508     0.93523   19.59537     0.98716    4.06217     0.95275   13.53943  
2021-12-27   1.05579  -10.11926     0.98382    8.70587     0.94041   18.39970     1.00409    0.47452     0.95212   13.68286  
2021-12-28   1.03823   -6.07352     0.97307   11.35730     0.92738   21.62033     0.98280    5.44136     0.94893   14.55714  
2021-12-29   1.05342   -9.38377     0.98162    9.38458     0.93275   20.40562     1.00979   -0.51523     0.96060   11.80634  
2021-12-30   1.04660   -7.79572     0.97849   10.07281     0.93146   20.60056     0.99538    2.73470     0.95431   13.33627  
2021-12-31   1.05036   -8.56111     0.98450    8.72415     0.93773   19.16443     1.00706    0.20794     0.96271   11.38646  
