   date       s19h_m     s19h_b      s19v_m     s19v_b      s22v_m     s22v_b      s37h_m     s37h_b      s37v_m     s37v_b   
2021-01-01   1.11740  -16.56348     1.05743   -4.62299     1.00121    7.89629     1.10016  -12.58866     0.98475    9.71246  
2021-01-02   1.13681  -19.24950     1.06923   -6.84068     1.00968    6.18809     1.12918  -17.15673     0.92800   22.15828  
2021-01-03   1.12266  -17.69975     1.05577   -4.37401     0.99472    8.87048     1.10799  -13.99569     0.98146   10.41301  
2021-01-04   1.12016  -17.48025     1.05207   -3.74129     0.99528    8.83033     1.11664  -15.83974     1.02660    0.53003  
2021-01-05   1.12074  -17.31832     1.05370   -3.99349     1.00426    6.94471     1.11958  -16.04719     1.04320   -2.92071  
2021-01-06   1.12451  -17.63563     1.05565   -4.14477     1.00739    6.84248     1.12225  -16.18895     1.02318    1.75724  
2021-01-07   1.13726  -19.22658     1.07213   -7.31711     1.02615    2.85659     1.16222  -22.24793     1.04314   -2.30085  
2021-01-08   1.14385  -19.57163     1.08075   -8.73088     1.02584    3.46444     1.16697  -22.34865     0.95492   16.48022  
2021-01-09   1.12187  -16.66080     1.05862   -4.47442     0.98409   11.71456     1.13036  -16.55675     0.99106    8.87566  
2021-01-10   1.12430  -17.30575     1.06242   -5.32341     0.99413    9.45015     1.12814  -16.85481     1.01682    3.24024  
2021-01-11   1.13738  -19.41596     1.07513   -7.93572     1.00989    5.92646     1.14059  -19.65949     1.00162    6.07341  
2021-01-12   1.12687  -18.07805     1.06199   -5.49070     0.97605   12.59294     1.07651   -9.58889     0.93393   19.77378  
2021-01-13   1.14846  -21.02484     1.08497   -9.77984     1.01800    4.27927     1.12102  -16.02543     0.89858   28.32006  
2021-01-14   1.12028  -17.43091     1.05348   -3.91112     0.96223   15.41406     1.07309   -9.37325     0.92524   21.45759  
2021-01-15   1.10889  -15.65984     1.05290   -3.69899     0.97468   13.18931     1.06471   -8.00440     0.95641   14.85264  
2021-01-16   1.11454  -16.50398     1.05193   -3.50628     0.98493   11.03402     1.07973  -10.34109     0.98144    9.68283  
2021-01-17   1.12212  -18.08270     1.06156   -5.67199     1.00140    7.08906     1.07795  -10.36623     0.99630    6.45695  
2021-01-18   1.10455  -15.92810     1.03722   -1.13475     0.96281   14.85378     1.04747   -5.78951     0.93582   19.00319  
2021-01-19   1.11160  -16.96076     1.04613   -2.77936     0.97404   12.73156     1.07560  -10.36564     1.00701    3.84607  
2021-01-20   1.09169  -13.39804     1.03354   -0.01079     0.96276   15.35281     1.05274   -5.58454     1.01006    3.48510  
2021-01-21   1.10443  -15.55278     1.03696   -0.82698     0.96992   13.59644     1.04410   -5.15967     0.96785   12.12805  
2021-01-22   1.10630  -16.22277     1.04278   -2.10100     0.97383   12.92069     1.06255   -8.34958     0.98441    8.82293  
2021-01-23   1.09750  -14.95371     1.03525   -0.57915     0.96795   14.30521     1.05757   -7.14575     0.99320    7.02360  
2021-01-24   1.10857  -15.59817     1.04669   -2.48486     0.96879   14.35014     1.07245   -9.08138     0.98676    8.46313  
2021-01-25   1.12110  -17.30541     1.05765   -4.53567     0.98332   11.16371     1.09320  -12.06499     0.99162    7.68491  
2021-01-26   1.10890  -15.85487     1.04508   -2.23300     0.96317   15.18142     1.07103   -9.47943     0.99671    5.98451  
2021-01-27   1.11925  -17.64777     1.05293   -4.00966     0.96743   14.11789     1.08094  -11.49071     0.90330   25.85386  
2021-01-28   1.11188  -16.38543     1.04905   -2.96501     0.95747   16.56964     1.07523   -9.49431     0.86051   35.60192  
2021-01-29   1.11429  -16.71467     1.05350   -3.86583     0.97976   12.07154     1.08593  -11.78142     0.95602   14.92079  
2021-01-30   1.11188  -16.48260     1.04318   -1.86275     0.96852   14.18338     1.07459  -10.37957     0.96125   13.53960  
2021-01-31   1.10941  -15.75446     1.03935   -1.08888     0.94957   17.81966     1.04985   -6.00153     0.88804   28.88729  
2021-02-01   1.11500  -16.66778     1.04608   -2.36457     0.95653   16.25528     1.05436   -6.56719     0.94666   16.50586  
2021-02-02   1.10765  -15.49062     1.03932   -0.99089     0.95008   17.52007     1.04164   -4.61211     0.87378   31.77703  
2021-02-03   1.11454  -16.33958     1.04461   -1.97233     0.95067   17.75358     1.04113   -4.45390     0.81949   43.59426  
2021-02-04   1.11830  -16.15388     1.06060   -4.71211     0.97716   12.85568     1.07679   -9.15148     0.89973   26.99163  
2021-02-05   1.10737  -14.96341     1.04544   -1.96794     0.95403   17.40762     1.07616   -9.62829     0.86799   33.27849  
2021-02-06   1.10239  -14.24117     1.03094    0.72775     0.94392   19.22242     1.05848   -7.10787     0.94835   16.01057  
2021-02-07   1.10824  -15.11825     1.04113   -1.30825     0.96263   15.34241     1.08028  -10.73009     0.96343   12.85484  
2021-02-08   1.08622  -13.11199     1.02512    1.48463     0.92803   21.81150     1.02947   -3.03933     0.87804   30.82646  
2021-02-09   1.08982  -12.97928     1.02156    2.32354     0.93583   20.64978     1.02902   -2.50261     0.95965   13.51524  
2021-02-10   1.10577  -15.34492     1.03782   -0.82878     0.98043   11.55886     1.07984  -10.64155     1.01407    2.26222  
2021-02-11   1.08896  -13.56198     1.02154    2.04966     0.94675   17.82982     1.03172   -3.09079     0.95624   14.27476  
2021-02-12   1.07519  -11.80627     1.00037    6.09781     0.90368   26.93574     0.99030    3.76813     0.87803   31.03716  
2021-02-13   1.07956  -11.98767     1.00584    5.16445     0.89941   27.71323     0.99227    3.29750     0.90316   25.32739  
2021-02-14   1.09983  -14.35681     1.02427    1.62603     0.92620   22.36052     1.02326   -2.18560     0.85971   34.27030  
2021-02-15   1.12431  -17.46110     1.05165   -3.39365     0.95492   16.79068     1.05381   -6.65277     0.83277   40.48996  
2021-02-16   1.09890  -14.73836     1.02439    1.33187     0.94333   18.60174     1.05787   -7.32697     0.99038    6.82304  
2021-02-17   1.09770  -14.62739     1.01882    2.51756     0.93407   20.65360     1.03766   -4.92014     0.92108   21.21313  
2021-02-18   1.10237  -15.23233     1.02512    1.30157     0.92157   23.25617     1.00026    1.54336     0.79454   48.59790  
2021-02-19   1.04026   -7.17035     0.96747   12.28925     0.85468   36.77256     0.90955   16.10077     0.79314   48.61396  
2021-02-20   1.02581   -5.53652     0.94575   16.29302     0.83265   41.24205     0.92916   13.24361     0.81706   43.65049  
2021-02-21   1.04197   -7.28372     0.96495   13.09969     0.85929   36.45076     0.89746   18.66131     0.73599   61.48269  
2021-02-22   1.05696   -8.41387     0.98724    8.99602     0.89107   29.91035     0.92309   14.74824     0.82098   43.04384  
2021-02-23   1.07415  -10.29727     1.00473    5.65206     0.91343   25.22006     0.99561    3.43804     0.91197   23.63354  
2021-02-24   1.09127  -13.46405     1.01992    2.38826     0.94320   18.74562     1.02644   -2.66725     0.97412    9.99063  
2021-02-25   1.07980  -12.13365     1.00412    5.12779     0.92873   21.52556     1.01410   -1.13236     0.92188   20.72972  
2021-02-26   1.08016  -12.01994     1.00933    4.32428     0.93441   20.73269     1.01553   -1.16641     0.95253   14.38175  
2021-02-27   1.08240  -12.96995     1.00915    3.99513     0.92974   21.02227     1.02288   -3.14489     0.95788   12.86564  
2021-02-28   1.09173  -14.75876     1.01612    2.51458     0.94205   18.48120     1.02714   -3.87917     0.95799   13.02374  
2021-03-01   1.06907  -10.88244     0.99173    7.51673     0.92115   23.55423     0.99786    1.64869     0.91253   22.95969  
2021-03-02   1.06160   -8.81949     0.99293    7.79193     0.92179   23.83767     0.98617    4.56989     0.91347   23.17402  
2021-03-03   1.06669  -10.15475     0.99160    7.58962     0.93171   21.23201     1.00749    0.36192     0.93471   18.12280  
2021-03-04   1.06697  -10.19385     0.99815    6.51674     0.94072   19.73103     0.99719    2.05903     0.93467   18.41490  
2021-03-05   1.07385  -11.64744     0.99856    6.29816     0.94742   18.11484     1.01150   -0.77696     0.94814   15.41430  
2021-03-06   1.05194   -8.53744     0.98618    8.52525     0.93419   20.78776     0.98793    3.04875     0.93781   17.33238  
2021-03-07   1.07195  -11.37806     1.00119    5.70140     0.95893   15.72016     1.02121   -2.42047     0.95865   13.10125  
2021-03-08   1.05882   -9.71122     0.99856    6.15388     0.95056   17.54032     0.99452    2.35011     0.95092   14.88450  
2021-03-09   1.05708   -9.14653     0.99424    6.87709     0.94095   19.44262     0.99908    1.89772     0.94305   16.41878  
2021-03-10   1.06839  -11.43923     1.00165    5.16779     0.94833   17.61783     1.00646   -0.29032     0.94700   15.28094  
2021-03-11   1.07517  -11.97054     1.00283    5.28606     0.95813   15.72594     1.01216   -0.57287     0.95127   14.81539  
2021-03-12   1.06755  -10.87028     1.00167    5.39582     0.95986   15.36220     1.00483    0.58908     0.95301   14.23880  
2021-03-13   1.07451  -12.31394     1.00317    4.97222     0.95813   15.71156     1.01507   -1.92806     0.95214   14.21877  
2021-03-14   1.06999  -11.34215     1.00442    4.87855     0.95673   15.94932     1.00554    0.38791     0.95898   12.86507  
2021-03-15   1.07140  -11.80956     1.00079    5.34090     0.95537   16.02090     1.02067   -2.94749     0.95659   13.04795  
2021-03-16   1.08648  -14.14301     1.01038    3.44749     0.96870   13.09402     1.03842   -6.21262     0.96747   10.69637  
2021-03-17   1.05951   -9.37979     0.99544    6.73927     0.94730   18.18266     0.99604    2.60504     0.94490   16.00716  
2021-03-18   1.05448   -8.67007     0.98883    7.97456     0.93854   20.03038     0.98880    3.47946     0.93921   17.07929  
2021-03-19   1.06086   -9.96225     0.99639    6.42918     0.95452   16.53468     1.00535    0.28518     0.95055   14.59496  
2021-03-20   1.06632  -10.99237     1.00006    5.50614     0.95621   16.00891     1.01293   -1.55339     0.95513   13.38865  
2021-03-21   1.06654  -11.11506     0.99747    6.11914     0.95334   16.83317     1.01812   -2.46591     0.95691   13.07508  
2021-03-22   1.06421  -10.80283     0.99670    6.13023     0.95177   16.96693     1.01542   -1.91865     0.95187   14.11831  
2021-03-23   1.05668   -9.03941     0.99335    7.01018     0.94459   18.71490     1.00374    0.73992     0.95271   14.03322  
2021-03-24   1.06084   -9.97939     0.99607    6.43924     0.94627   18.42008     1.01346   -1.25365     0.95030   14.66458  
2021-03-25   1.06204  -10.30222     0.99673    6.16951     0.94761   17.99314     1.01941   -2.83928     0.95850   12.46836  
2021-03-26   1.06960  -11.23603     1.00280    5.03928     0.95284   17.09579     1.02106   -2.73938     0.96162   11.92720  
2021-03-27   1.06262  -10.28458     0.99431    6.67475     0.94658   18.42535     1.01146   -0.80450     0.95014   14.59452  
2021-03-28   1.06859  -11.34525     0.99865    5.77263     0.95577   16.27656     1.01405   -1.32693     0.95892   12.69180  
2021-03-29   1.05594   -9.49171     0.98824    7.79134     0.94374   18.74753     0.99420    2.50103     0.93507   17.99500  
2021-03-30   1.05147   -8.09107     0.98920    8.07953     0.94501   18.84236     0.98497    4.97387     0.93864   17.65840  
2021-03-31   1.06646  -10.90514     0.99797    5.92535     0.96097   14.91762     1.01555   -1.44374     0.95488   13.62907  
2021-04-01   1.05954   -9.81430     0.99216    7.29030     0.94882   17.83974     1.00339    0.63190     0.94602   15.65006  
2021-04-02   1.06317  -10.67813     0.99056    7.46280     0.94651   18.08262     1.00635   -0.03797     0.93932   17.09782  
2021-04-03   1.05353   -8.42233     0.98989    7.85466     0.94670   18.48838     1.00478    1.03032     0.94749   15.48943  
2021-04-04   1.05326   -8.73943     0.98848    7.93996     0.94225   19.21554     1.00296    0.79904     0.94269   16.21445  
2021-04-05   1.05733   -9.24729     0.98951    7.93821     0.94401   19.12965     1.00953   -0.31956     0.94388   16.31235  
2021-04-06   1.06027   -9.78775     0.99045    7.66393     0.95171   17.21550     1.00835   -0.07035     0.94657   15.62691  
2021-04-07   1.06033   -9.45289     0.99455    6.86188     0.95455   16.60537     1.00725    0.56416     0.95253   14.48076  
2021-04-08   1.05834   -9.46404     0.99108    7.43561     0.94949   17.60189     1.00094    1.54502     0.93848   17.42349  
2021-04-09   1.05648   -9.07027     0.99151    7.41935     0.94696   18.24748     1.00441    0.57671     0.94630   15.53166  
2021-04-10   1.06208  -10.12901     0.99448    6.76598     0.95302   16.87127     1.01471   -1.56407     0.95090   14.44896  
2021-04-11   1.05790   -9.25107     0.99004    7.79794     0.94165   19.60172     1.00133    1.42376     0.94002   17.07928  
2021-04-12   1.06378  -10.26285     0.99308    7.19689     0.94782   18.23706     1.00708    0.31732     0.94210   16.70022  
2021-04-13   1.06270  -10.21286     0.99452    6.78946     0.95192   17.13421     1.00367    1.10230     0.94210   16.71565  
2021-04-14   1.06360  -10.74401     0.99567    6.30396     0.95298   16.52005     1.01118   -1.13956     0.95030   14.39878  
2021-04-15   1.05567   -9.04646     0.98895    7.88401     0.94145   19.28376     1.00142    1.06703     0.94004   16.78229  
2021-04-16   1.05449   -8.69128     0.98676    8.41049     0.94281   19.07029     1.00130    1.25775     0.93718   17.51235  
2021-04-17   1.05617   -8.91753     0.98787    8.32386     0.94422   18.98868     1.00509    0.55171     0.94392   16.13247  
2021-04-18   1.06392  -10.30267     0.99590    6.60707     0.95238   17.15446     1.01583   -1.41186     0.95485   13.70610  
2021-04-19   1.06143  -10.09193     0.99293    7.19595     0.94945   17.80176     1.01678   -1.55074     0.95759   13.19153  
2021-04-20   1.06072  -10.29482     0.99251    7.10267     0.94645   17.94107     0.98957    3.28591     0.93596   17.82804  
2021-04-21   1.06234  -10.30318     0.99328    7.01010     0.95245   16.75997     1.00806   -0.14387     0.94677   15.38802  
2021-04-22   1.06344  -10.26970     0.99379    7.02376     0.94926   17.73590     1.01225   -0.83120     0.95011   14.68211  
2021-04-23   1.06124  -10.09018     0.99259    7.16664     0.94619   18.34754     1.01114   -0.76526     0.94843   14.98830  
2021-04-24   1.05860   -9.85615     0.98781    8.18914     0.94069   19.51599     1.00284    0.90843     0.94152   16.66218  
2021-04-25   1.05532   -8.82110     0.98655    8.66544     0.94632   18.21595     0.99873    1.94081     0.94127   16.75503  
2021-04-26   1.05663   -8.81660     0.98590    8.86947     0.93450   21.22645     0.99965    1.91455     0.93720   17.79037  
2021-04-27   1.05555   -8.88616     0.98459    9.11129     0.93401   21.24361     1.00069    1.47977     0.93749   17.58596  
2021-04-28   1.06231  -10.51513     0.99053    7.55676     0.94490   18.41799     1.00702   -0.14945     0.93713   17.55093  
2021-04-29   1.06552  -11.13344     0.99398    6.78946     0.94937   17.43264     1.01989   -2.98341     0.95393   13.53287  
2021-04-30   1.05037   -7.97779     0.98453    9.02108     0.93841   20.12226     0.99242    3.19036     0.93713   17.59347  
2021-05-01   1.05424   -8.84876     0.98509    8.84315     0.94273   18.98690     0.99896    1.67166     0.94111   16.62572  
2021-05-02   1.05330   -8.62389     0.98355    9.24326     0.93965   19.90186     0.99810    1.99037     0.93752   17.61680  
2021-05-03   1.05860   -9.63256     0.98592    8.70001     0.93847   20.16530     1.01135   -0.90735     0.94116   16.68409  
2021-05-04   1.05159   -8.34662     0.98091    9.71858     0.93382   21.06375     1.00402    0.41808     0.93810   17.17096  
2021-05-05   1.05378   -8.74626     0.98233    9.46040     0.93985   19.78959     1.00562    0.32804     0.93923   17.12583  
2021-05-06   1.05416   -9.09341     0.98317    9.11766     0.94018   19.42384     1.01017   -1.11859     0.94484   15.48445  
2021-05-07   1.06065  -10.30022     0.98699    8.25524     0.94681   17.89497     1.01524   -1.83192     0.94651   15.29434  
2021-05-08   1.06384  -11.11642     0.98697    8.24519     0.94263   18.85709     1.01525   -2.08009     0.94032   16.71469  
2021-05-09   1.05346   -8.57555     0.98075    9.92343     0.94209   19.26646     1.00035    1.77537     0.93594   18.11468  
2021-05-10   1.05644   -9.61874     0.98526    8.60118     0.94167   19.11936     1.00982   -0.78898     0.94446   15.74695  
2021-05-11   1.05781   -9.69220     0.98648    8.52847     0.94365   18.85245     1.00794    0.01902     0.94432   16.09742  
2021-05-12   1.06239  -10.72588     0.98826    7.97426     0.95473   16.10343     1.00650    0.18073     0.93814   17.44949  
2021-05-13   1.05737   -9.66731     0.98532    8.80395     0.94527   18.56435     1.00359    1.01985     0.94102   16.99462  
2021-05-14   1.05865   -9.96583     0.98565    8.61117     0.93777   20.06096     1.00290    0.89085     0.92972   19.36522  
2021-05-15   1.06262  -11.21157     0.98836    7.84849     0.94784   17.48118     1.01379   -1.62069     0.94138   16.53393  
2021-05-16   1.05403   -8.97815     0.98502    8.68399     0.93540   20.41109     0.99926    1.57403     0.93639   17.52881  
2021-05-17   1.05668   -9.91723     0.98216    9.19042     0.93250   21.04792     1.01148   -1.30606     0.94004   16.61721  
2021-05-18   1.05170   -8.78332     0.98003    9.73931     0.93162   21.27836     1.00068    0.99537     0.93378   18.08743  
2021-05-19   1.05728  -10.11348     0.98254    9.12125     0.93793   19.80651     1.01231   -1.62426     0.94026   16.56449  
2021-05-20   1.06116  -10.71759     0.98512    8.56904     0.94867   17.28786     1.01330   -1.62263     0.94615   15.23760  
2021-05-21   1.04672   -7.58617     0.97554   10.81256     0.92547   22.79964     0.99330    2.65541     0.92319   20.60452  
2021-05-22   1.04625   -7.52030     0.97635   10.69508     0.93484   20.71324     0.99197    3.05063     0.93192   18.68966  
2021-05-23   1.04019   -6.23001     0.97228   11.75723     0.92843   22.36452     0.98766    4.18299     0.93106   19.08170  
2021-05-24   1.04328   -7.04623     0.97263   11.54415     0.92766   22.45034     0.99364    2.64864     0.93052   18.99939  
2021-05-25   1.04987   -8.42172     0.97684   10.59698     0.93095   21.77097     1.00514    0.01643     0.93616   17.75448  
2021-05-26   1.05175   -9.08494     0.97749   10.31004     0.93377   20.97756     1.00966   -1.19392     0.93796   17.22548  
2021-05-27   1.03937   -6.07377     0.96997   12.25595     0.92381   23.35885     0.98089    5.21202     0.91803   22.01871  
2021-05-28   1.05521   -9.53047     0.97989    9.78751     0.93659   20.31924     1.01243   -1.55726     0.94043   16.62587  
2021-05-29   1.05031   -8.25943     0.97670   10.71282     0.93156   21.63603     0.99807    2.07163     0.93365   18.51043  
2021-05-30   1.04822   -8.21754     0.97551   10.82130     0.92809   22.27363     0.99907    1.48788     0.93063   19.03215  
2021-05-31   1.05363   -9.15493     0.97832   10.24213     0.93294   21.13537     1.00534    0.15005     0.93474   18.10439  
2021-06-01   1.05429   -9.48847     0.98000    9.66706     0.93678   20.06497     1.01158   -1.40948     0.94592   15.26494  
2021-06-02   1.05564   -9.70814     0.98047    9.61840     0.93568   20.40530     1.00845   -0.75066     0.94133   16.34605  
2021-06-03   1.04480   -7.18070     0.97170   11.81675     0.92375   23.33158     0.99538    2.29334     0.93211   18.62165  
2021-06-04   1.05480   -9.27637     0.97793   10.36006     0.92745   22.48175     1.01281   -1.54655     0.94122   16.46495  
2021-06-05   1.05720   -9.74739     0.98233    9.34200     0.93860   19.80108     1.01290   -1.33543     0.94496   15.68078  
2021-06-06   1.04360   -6.93248     0.97233   11.62064     0.92564   22.75195     0.99462    2.38638     0.93494   17.86547  
2021-06-07   1.04949   -8.32206     0.97684   10.55387     0.93280   21.03296     1.00504    0.07111     0.93974   16.75835  
2021-06-08   1.05238   -8.82902     0.97988    9.91065     0.93155   21.41230     1.01157   -1.22624     0.94621   15.24258  
2021-06-09   1.04882   -7.91377     0.97497   11.03482     0.92465   23.04778     1.00199    0.94171     0.93256   18.32628  
2021-06-10   1.04859   -8.03080     0.97456   11.05423     0.92775   22.20864     0.99751    1.75030     0.92821   19.40921  
2021-06-11   1.04504   -7.39454     0.97362   11.28774     0.92269   23.59473     0.99569    2.26454     0.93066   18.99353  
2021-06-12   1.04917   -8.30635     0.97617   10.67338     0.92580   22.80857     1.00146    0.95409     0.93288   18.46303  
2021-06-13   1.05299   -9.10354     0.97873    9.95853     0.93153   21.31544     1.01129   -1.30030     0.94085   16.37751  
2021-06-14   1.05074   -8.59356     0.97805   10.23695     0.93041   21.74269     1.00021    1.35844     0.93149   18.87717  
2021-06-15   1.05149   -8.81662     0.97948    9.84036     0.93143   21.38316     1.00439    0.30676     0.93903   16.95034  
2021-06-16   1.05272   -9.09986     0.97930    9.85135     0.92879   21.96398     1.00492    0.03029     0.93752   17.19356  
2021-06-17   1.05297   -9.68169     0.97864    9.69788     0.93770   19.50176     1.00641   -0.76749     0.93438   17.68086  
2021-06-18   1.05086   -9.02888     0.97973    9.71243     0.93499   20.53405     1.00637   -0.38846     0.94347   15.83778  
2021-06-19   1.05025   -8.73688     0.97904    9.96023     0.93167   21.44141     1.00188    0.83211     0.94012   16.85130  
2021-06-20   1.04925   -8.40917     0.97463   10.99497     0.92532   22.85003     0.99809    1.50844     0.92975   19.06416  
2021-06-21   1.05160   -9.19908     0.97976    9.63170     0.93300   20.81991     1.00277    0.07821     0.93955   16.55572  
2021-06-22   1.05453   -9.79870     0.97920    9.72012     0.93186   21.05638     1.01176   -1.85258     0.94127   16.10042  
2021-06-23   1.04844   -8.30518     0.97533   10.79545     0.92509   22.97226     0.99413    2.63120     0.92985   19.23752  
2021-06-24   1.04168   -7.13792     0.97475   10.80982     0.92223   23.48459     0.99140    2.69156     0.92842   19.33076  
2021-06-25   1.05408   -9.41815     0.97870   10.04513     0.93371   20.87804     1.01484   -2.04647     0.94048   16.59788  
2021-06-26   1.04607   -7.67501     0.97378   11.19762     0.92239   23.71364     0.99951    1.34654     0.92681   19.83437  
2021-06-27   1.05664  -10.04565     0.98328    8.86037     0.94336   18.52600     1.00663   -0.30187     0.93779   17.29270  
2021-06-28   1.04540   -7.89841     0.97584   10.49443     0.93068   21.41839     0.99433    2.24669     0.93071   18.83289  
2021-06-29   1.05150   -9.01362     0.98032    9.51180     0.93653   20.08635     1.00252    0.66768     0.93860   17.06884  
2021-06-30   1.05655  -10.12237     0.98272    9.01189     0.93778   19.92467     1.01127   -1.20444     0.93474   17.98206  
2021-07-01   1.05276   -9.04638     0.97834   10.16205     0.93503   20.67189     1.00970   -0.69174     0.93729   17.46687  
2021-07-02   1.04669   -7.82712     0.97596   10.70114     0.92784   22.42989     0.99917    1.58379     0.93316   18.51993  
2021-07-03   1.05292   -9.23542     0.98196    9.14356     0.93814   19.75452     1.00421    0.32368     0.94004   16.67768  
2021-07-04   1.04910   -8.45803     0.97825    9.99861     0.93533   20.43181     1.00706   -0.36303     0.93967   16.71853  
2021-07-05   1.05321   -9.50928     0.98047    9.44407     0.93823   19.69656     1.00704   -0.44790     0.93847   17.03318  
2021-07-06   1.05376   -9.37934     0.98078    9.46074     0.93496   20.60345     1.00765   -0.40459     0.94110   16.44738  
2021-07-07   1.04959   -8.59756     0.98058    9.42015     0.93425   20.71683     1.00351    0.42067     0.94278   15.99778  
2021-07-08   1.04865   -8.56363     0.98056    9.35883     0.93382   20.68477     1.00492   -0.11342     0.94435   15.50028  
2021-07-09   1.04717   -8.22606     0.97832    9.89965     0.93116   21.30197     0.99413    2.30723     0.93352   18.11618  
2021-07-10   1.05686  -10.44638     0.98599    8.10949     0.94114   18.88253     1.00953   -1.04384     0.94311   15.91590  
2021-07-11   1.04942   -8.71779     0.97879    9.83705     0.93515   20.38399     1.00041    0.95050     0.93330   18.14506  
2021-07-12   1.05512   -9.75609     0.98222    9.11776     0.93877   19.70480     1.01737   -2.53359     0.95140   13.99571  
2021-07-13   1.04888   -8.47810     0.98174    9.13103     0.93433   20.76833     1.00535    0.04237     0.94551   15.31140  
2021-07-14   1.05216   -9.15441     0.98219    9.12161     0.93547   20.52259     1.01045   -1.06649     0.94519   15.52693  
2021-07-15   1.05055   -8.69278     0.98024    9.59639     0.93207   21.29750     1.01132   -1.26394     0.94475   15.53837  
2021-07-16   1.05363   -9.29831     0.98346    8.80429     0.93190   21.28743     1.01020   -0.97996     0.94403   15.68272  
2021-07-17   1.05069   -8.78953     0.98044    9.48244     0.93152   21.28476     1.01010   -1.13784     0.94436   15.44260  
2021-07-18   1.04912   -8.25948     0.98088    9.44904     0.93455   20.59799     1.00294    0.66751     0.94502   15.45938  
2021-07-19   1.04859   -8.67665     0.98190    8.86910     0.93743   19.59796     1.00220    0.32556     0.94303   15.59085  
2021-07-20   1.04734   -8.17971     0.97875    9.83160     0.93407   20.80161     1.00233    0.73519     0.93715   17.33231  
2021-07-21   1.05439   -9.52034     0.98542    8.36789     0.94122   19.29284     1.01282   -1.40625     0.95205   13.95436  
2021-07-22   1.04464   -7.64914     0.97662   10.38805     0.93000   21.87584     0.99481    2.29845     0.93807   17.19990  
2021-07-23   1.04701   -8.17511     0.98020    9.51732     0.93522   20.57209     0.99913    1.49325     0.94235   16.17201  
2021-07-24   1.05468   -9.89294     0.98331    8.64882     0.93919   19.37102     1.00918   -1.18420     0.94379   15.56494  
2021-07-25   1.05363   -9.21594     0.98267    9.08476     0.93173   21.44205     1.01066   -1.00541     0.94366   15.85308  
2021-07-26   1.05376   -9.37530     0.98523    8.34521     0.94085   19.05507     1.01102   -1.24840     0.95202   13.69330  
2021-07-27   1.05460   -9.64073     0.98653    8.00032     0.93962   19.37925     1.00193    0.91723     0.94550   15.40041  
2021-07-28   1.04902   -8.27810     0.98273    9.05713     0.93235   21.16875     0.99439    2.61631     0.93529   17.88790  
2021-07-29   1.04707   -8.11634     0.97934    9.76232     0.93816   19.54142     0.99531    2.09995     0.93887   16.87194  
2021-07-30   1.05248   -9.02294     0.98321    9.03166     0.93636   20.32730     1.00930   -0.35949     0.93896   17.18615  
2021-07-31   1.06084  -10.58902     0.98646    8.26007     0.94155   18.91517     1.01376   -1.45965     0.93977   16.86766  
2021-08-01   1.05033   -8.37710     0.98244    9.22625     0.93728   19.98194     0.99954    1.67023     0.94639   15.29838  
2021-08-02   1.05108   -8.74382     0.98324    8.83804     0.93391   20.56878     1.00351    0.43637     0.94126   16.21397  
2021-08-03   1.05401   -9.41093     0.98404    8.68265     0.93506   20.37850     1.00600   -0.00414     0.94299   15.97171  
2021-08-04   1.05077   -8.32279     0.98491    8.66646     0.93825   19.88439     1.00934   -0.30834     0.95163   14.10831  
2021-08-05   1.05740   -9.97799     0.98771    7.91655     0.93760   19.85826     1.00840   -0.44303     0.94751   14.97361  
2021-08-06   1.04229   -7.02326     0.97597   10.58306     0.92058   23.82993     0.98240    4.87306     0.91968   21.36624  
2021-08-07   1.04894   -8.11293     0.98290    9.05740     0.93971   19.32855     1.00679   -0.07429     0.95130   13.99768  
2021-08-08   1.05405   -9.37893     0.98912    7.53855     0.94580   17.92106     1.00747   -0.16796     0.95659   12.88038  
2021-08-09   1.05207   -9.31554     0.98442    8.48474     0.94773   17.18480     0.99344    2.49394     0.93677   17.51426  
2021-08-10   1.06328  -11.37931     0.99109    7.02435     0.94182   18.93404     1.01909   -2.93310     0.95523   12.97328  
2021-08-11   1.05338   -8.84391     0.98484    8.76675     0.94176   19.14031     1.00873   -0.17985     0.95167   14.21606  
2021-08-12   1.05255   -9.01145     0.98328    8.98631     0.93766   19.98519     1.00734   -0.10301     0.95098   14.21077  
2021-08-13   1.05225   -8.97662     0.98562    8.37990     0.93768   19.95236     1.00755   -0.24024     0.93993   16.84924  
2021-08-14   1.05506   -9.63170     0.98648    8.15953     0.93833   19.79991     1.00698   -0.15740     0.94367   15.89638  
2021-08-15   1.04943   -8.14787     0.98248    9.25391     0.93548   20.55023     0.99827    2.02667     0.94018   16.85651  
2021-08-16   1.05062   -8.36978     0.98300    9.13688     0.93603   20.44141     1.00437    0.68653     0.94903   14.73938  
2021-08-17   1.06271  -11.18488     0.99227    6.81042     0.94240   18.80389     1.02059   -3.02706     0.95826   12.46226  
2021-08-18   1.05100   -8.68107     0.98309    8.95659     0.93545   20.46288     1.00111    1.18380     0.94071   16.58823  
2021-08-19   1.05954  -10.69049     0.99248    6.66493     0.94642   17.76912     1.01623   -2.17749     0.95352   13.55128  
2021-08-20   1.05186   -8.83909     0.98571    8.33197     0.93698   20.03408     1.00135    1.19931     0.94647   15.21698  
2021-08-21   1.05822  -10.16471     0.98918    7.54261     0.94236   18.85949     1.01186   -0.93990     0.95180   14.06452  
2021-08-22   1.04965   -8.44051     0.98360    8.84974     0.93463   20.63386     0.99560    2.43318     0.94013   16.78741  
2021-08-23   1.05469   -9.41456     0.98633    8.21102     0.93414   20.74599     1.01062   -0.87174     0.94652   15.19987  
2021-08-24   1.04849   -8.09705     0.98007    9.77233     0.92649   22.63503     0.99427    2.86894     0.92953   19.35749  
2021-08-25   1.05606   -9.62525     0.98852    7.69817     0.93615   20.22592     1.01569   -1.78888     0.95464   13.29632  
2021-08-26   1.05518   -9.75186     0.98773    7.69173     0.93515   20.35589     1.01296   -1.56267     0.94947   14.33277  
2021-08-27   1.05535   -9.62373     0.98699    8.00397     0.94040   19.24489     1.01148   -0.86230     0.95051   14.37065  
2021-08-28   1.04689   -8.14534     0.98294    8.87740     0.93301   20.94803     1.00119    0.96849     0.94576   15.35534  
2021-08-29   1.04675   -7.87441     0.98220    9.11351     0.93298   21.11514     0.99921    1.69891     0.94225   16.33946  
2021-08-30   1.05034   -8.53446     0.98214    9.16249     0.93792   20.03706     1.00657    0.20748     0.94773   15.06609  
2021-08-31   1.05564   -9.59431     0.98836    7.76596     0.94570   18.31823     1.01502   -1.54026     0.95731   12.88756  
2021-09-01   1.05928  -10.38864     0.98957    7.49035     0.95010   17.33317     1.01591   -1.60570     0.95729   13.09295  
2021-09-02   1.04720   -8.07122     0.98115    9.42396     0.93684   20.53038     0.99878    1.92378     0.94577   15.79491  
2021-09-03   1.04960   -8.73665     0.98470    8.56569     0.94200   19.31518     1.00025    1.53619     0.95096   14.53167  
2021-09-04   1.05535  -10.09973     0.98656    7.96667     0.94367   18.60788     1.00901   -0.71960     0.94943   14.79072  
2021-09-05   1.05377   -9.42709     0.98595    8.17035     0.94105   19.24786     1.00798   -0.26728     0.94837   14.81605  
2021-09-06   1.04624   -8.16800     0.97798   10.04553     0.93032   21.79313     0.99990    1.19339     0.94016   16.80871  
2021-09-07   1.04883   -8.58653     0.98124    9.29009     0.93879   19.82251     0.99571    2.46405     0.94219   16.49688  
2021-09-08   1.05479   -9.73098     0.98553    8.32830     0.94180   19.15155     1.00848   -0.27438     0.94544   15.79192  
2021-09-09   1.04745   -8.37429     0.97992    9.61924     0.93897   19.76652     0.99013    3.56181     0.92510   20.56951  
2021-09-10   1.05422   -9.73506     0.98526    8.31454     0.94586   18.00278     1.00381    0.47432     0.94080   16.71342  
2021-09-11   1.05173   -9.30357     0.98252    9.03861     0.94516   18.30187     0.99350    2.80751     0.93149   19.15014  
2021-09-12   1.05977  -10.81318     0.98978    7.30825     0.95785   15.21697     1.01712   -2.15274     0.95746   12.90135  
2021-09-13   1.04317   -7.40873     0.97324   11.29838     0.93101   21.74874     0.98516    4.42972     0.92616   20.23693  
2021-09-14   1.03917   -5.89316     0.97463   11.31082     0.93345   21.65736     0.98807    4.86998     0.93846   17.96128  
2021-09-15   1.05700  -10.06713     0.98754    8.00589     0.94642   18.29627     1.01847   -2.43997     0.95662   13.26265  
2021-09-16   1.05421   -9.72110     0.98528    8.36714     0.94273   19.02375     1.00946   -0.59724     0.94511   15.89608  
2021-09-17   1.03727   -6.30883     0.97278   11.35263     0.92492   23.27399     0.98178    5.19666     0.92514   20.53319  
2021-09-18   1.05399   -9.83249     0.98359    8.68077     0.94730   17.64168     1.01072   -1.10822     0.94885   14.75083  
2021-09-19   1.05181   -9.30012     0.98151    9.12988     0.94355   18.45277     1.00322    0.56989     0.94804   14.92934  
2021-09-20   1.04690   -8.32499     0.98044    9.46505     0.93979   19.44394     0.99486    2.23243     0.94601   15.47262  
2021-09-21   1.04855   -8.43550     0.98013    9.55954     0.94019   19.35120     0.99940    1.58281     0.94748   15.19625  
2021-09-22   1.05078   -8.96713     0.98043    9.52732     0.93897   19.69956     0.99931    1.53945     0.94236   16.42054  
2021-09-23   1.04891   -8.42634     0.97886    9.95152     0.93606   20.41935     0.99447    2.62073     0.93768   17.59470  
2021-09-24   1.06317  -11.71456     0.99058    6.98986     0.95518   15.63575     1.01706   -2.68179     0.95559   13.10021  
2021-09-25   1.04437   -7.67606     0.97846    9.96250     0.93821   19.87410     0.98193    5.28512     0.92706   20.12009  
2021-09-26   1.05639   -9.89678     0.98710    8.04810     0.94130   19.34097     1.01337   -1.49774     0.95713   12.91227  
2021-09-27   1.05033   -8.85145     0.98131    9.33702     0.94255   18.91417     1.01056   -1.10573     0.95542   13.23092  
2021-09-28   1.06037  -10.71948     0.98812    7.80933     0.94958   17.38319     1.01796   -2.41043     0.95330   13.97873  
2021-09-29   1.05637   -9.84246     0.98656    8.24004     0.94918   17.59973     1.01016   -0.58977     0.95163   14.43766  
2021-09-30   1.05307   -9.21607     0.98367    8.88530     0.94175   19.42021     1.00621    0.42944     0.94493   16.17282  
2021-10-01   1.05082   -8.59463     0.98110    9.53762     0.94344   19.04473     1.00086    1.51464     0.94396   16.38334  
2021-10-02   1.05271   -9.36278     0.98400    8.68618     0.94322   19.00359     1.01678   -2.07952     0.95816   12.86035  
2021-10-03   1.04887   -8.30400     0.98072    9.69415     0.94192   19.60557     1.00028    2.11298     0.93959   17.74709  
2021-10-04   1.04030   -6.93464     0.97563   10.66201     0.93365   21.16489     0.98615    4.42324     0.92964   19.58101  
2021-10-05   1.05007   -8.99579     0.98217    9.01972     0.94182   18.95085     1.00940   -0.92755     0.95203   14.02252  
2021-10-06   1.04764   -8.40544     0.98111    9.40595     0.93726   20.13080     0.99823    1.45697     0.94317   16.24314  
2021-10-07   1.05247   -9.10472     0.98197    9.32426     0.93714   20.42762     1.00972   -0.65747     0.94256   16.58064  
2021-10-08   1.05562   -9.89013     0.98448    8.71077     0.94850   17.67222     1.01668   -2.00958     0.95392   13.94892  
2021-10-09   1.04694   -7.78317     0.98052    9.76476     0.93952   19.97373     0.99540    2.88563     0.94352   16.62335  
2021-10-10   1.05677  -10.17863     0.98603    8.29270     0.94708   17.99950     1.01314   -1.49463     0.94814   15.20796  
2021-10-11   1.05782  -10.21714     0.98448    8.74276     0.94573   18.41423     1.01374   -1.37615     0.94465   16.16338  
2021-10-12   1.05552   -9.78125     0.98825    7.83951     0.94928   17.67908     1.01244   -0.94353     0.95489   13.86005  
2021-10-13   1.04895   -8.71764     0.98136    9.34607     0.93916   19.98273     1.00300    0.91517     0.94489   16.11032  
2021-10-14   1.05295   -9.64539     0.98566    8.25924     0.94483   18.58899     1.01032   -0.77847     0.95159   14.45105  
2021-10-15   1.05222   -9.71457     0.98471    8.41122     0.94490   18.49919     1.00124    1.04053     0.94762   15.36780  
2021-10-16   1.05092   -8.77517     0.98307    9.14563     0.94297   19.41612     0.99690    2.70193     0.93411   19.06765  
2021-10-17   1.04655   -8.20669     0.98328    9.07644     0.94447   18.90494     0.99703    2.44537     0.93987   17.59256  
2021-10-18   1.04944   -8.58511     0.98214    9.31796     0.94076   19.75411     0.99815    2.22625     0.93903   17.66066  
2021-10-19   1.05660  -10.31989     0.98715    7.95917     0.94992   17.33501     1.01664   -2.30297     0.95375   13.81815  
2021-10-20   1.06092  -11.34566     0.99069    7.05091     0.95715   15.41460     1.00993   -0.83857     0.94840   15.13451  
2021-10-21   1.05268   -9.39576     0.98559    8.38683     0.95067   17.20189     0.99717    2.38835     0.93785   17.88057  
2021-10-22   1.05355   -9.40833     0.98479    8.67147     0.94844   17.86104     1.00491    0.80937     0.94428   16.40053  
2021-10-23   1.05392   -9.30585     0.98725    8.12596     0.94981   17.66530     1.00112    1.93945     0.93460   18.91784  
2021-10-24   1.05550  -10.25273     0.98671    8.01720     0.94816   17.61826     1.00874   -0.40959     0.94126   16.94232  
2021-10-25   1.04470   -7.52291     0.98078    9.70085     0.94072   19.90895     0.99333    3.57665     0.93529   18.85206  
2021-10-26   1.04482   -7.55928     0.98061    9.86943     0.94333   19.50292     1.00144    1.76910     0.93889   18.10287  
2021-10-27   1.05210   -9.29448     0.98108    9.41894     0.94317   19.14944     1.01444   -1.47138     0.94677   15.71340  
2021-10-28   1.04515   -7.83645     0.97849   10.08013     0.94256   19.29196     0.99566    2.48088     0.92766   20.32074  
2021-10-29   1.04851   -8.62364     0.98015    9.63329     0.93716   20.40487     1.00182    1.19360     0.93286   18.99647  
2021-10-30   1.05097   -8.68027     0.98293    9.12028     0.94561   18.57021     0.99876    2.22286     0.93715   18.13916  
2021-10-31   1.05876  -10.72743     0.98931    7.51178     0.95483   16.16981     1.01332   -1.22084     0.95081   14.77187  
2021-11-01   1.05070   -8.91205     0.98416    8.82491     0.94636   18.55246     1.00078    1.92429     0.93622   18.70492  
2021-11-02   1.06004  -10.79543     0.98961    7.46352     0.95749   15.75255     1.01902   -2.11132     0.95182   14.82948  
2021-11-03   1.05085   -8.98671     0.98158    9.34053     0.94280   19.27285     1.00066    1.63197     0.93659   18.32036  
2021-11-04   1.05782  -10.08361     0.99145    7.08550     0.96385   14.27494     1.01343   -0.60752     0.95710   13.60835  
2021-11-05   1.05961  -10.74603     0.98993    7.34970     0.95337   16.79121     1.01477   -1.24250     0.95161   14.82623  
2021-11-06   1.06059  -10.55530     0.98853    7.80760     0.95275   17.09367     1.01805   -1.48517     0.94664   16.25276  
2021-11-07   1.04977   -8.30272     0.98336    9.13734     0.94719   18.51310     0.99602    2.96502     0.93530   18.83974  
2021-11-08   1.05968  -10.15413     0.99139    7.29265     0.95720   16.18158     1.02123   -2.23967     0.95035   15.30954  
2021-11-09   1.05543   -9.74330     0.98752    8.00333     0.95661   16.02964     1.00689    0.31359     0.94504   16.30968  
2021-11-10   1.05264   -9.22945     0.98402    8.81276     0.95541   16.34784     1.01080   -0.21230     0.94983   15.26905  
2021-11-11   1.05205   -8.51740     0.98530    8.74561     0.95424   16.99981     1.00450    1.68278     0.95030   15.54902  
2021-11-12   1.05887  -10.33338     0.98986    7.49670     0.95950   15.53391     1.00858    0.46511     0.94953   15.57624  
2021-11-13   1.04583   -7.15120     0.98118    9.77200     0.94285   19.85285     0.99466    4.10753     0.93676   19.07212  
2021-11-14   1.06452  -11.43282     0.99342    6.64356     0.96235   14.80441     1.02929   -4.06901     0.95528   14.06496  
2021-11-15   1.06326  -10.68228     0.99618    6.25065     0.96160   15.36526     1.01734   -1.07995     0.95932   13.51604  
2021-11-16   1.05137   -8.81366     0.98778    8.02082     0.95885   15.76244     1.00728    0.82410     0.94664   16.45390  
2021-11-17   1.05877   -9.85694     0.99047    7.58204     0.95957   15.59219     1.00626    1.36744     0.93489   19.23322  
2021-11-18   1.05507   -9.38072     0.98762    8.09081     0.95180   17.24873     1.00362    1.29239     0.94025   17.55656  
2021-11-19   1.05294   -9.19580     0.98691    8.19749     0.94963   17.89885     1.00694    0.81894     0.93166   19.56413  
2021-11-20   1.05754   -9.91851     0.98892    7.82031     0.95758   15.93320     1.01360   -0.70698     0.94223   17.17790  
2021-11-21   1.05988  -10.38007     0.99129    7.19877     0.95620   16.19212     1.01849   -1.78503     0.94763   15.71847  
2021-11-22   1.05879  -10.06257     0.99469    6.52500     0.95758   16.17687     1.02743   -3.22341     0.97025   10.81531  
2021-11-23   1.04924   -8.29950     0.98647    8.51264     0.95048   17.91308     1.01237    0.12806     0.94800   16.17499  
2021-11-24   1.05359   -8.88399     0.98274    9.23528     0.93278   21.81012     0.99659    2.60156     0.92643   20.75291  
2021-11-25   1.06035  -10.28676     0.99541    6.45649     0.95916   15.76640     1.02237   -1.77026     0.96100   13.19555  
2021-11-26   1.06815  -11.77347     0.99581    6.17419     0.96389   14.29081     1.02599   -3.17829     0.96082   12.66465  
2021-11-27   1.06614  -10.93801     0.99965    5.68173     0.97291   12.77475     1.03128   -3.36532     0.96782   11.72282  
2021-11-28   1.06756  -10.81650     1.00034    5.68807     0.97273   13.09436     1.02644   -2.14056     0.96121   13.45598  
2021-11-29   1.08103  -13.34090     1.00907    3.73076     0.98295   10.72731     1.05229   -7.20578     0.97876    9.51326  
2021-11-30   1.07021  -11.13372     1.00224    5.33415     0.97068   13.65352     1.02951   -2.18264     0.96194   13.55630  
2021-12-01   1.06930  -11.29434     1.00257    5.09949     0.97001   13.53970     1.01861   -0.38184     0.95369   15.37317  
2021-12-02   1.07460  -12.73700     1.00416    4.54331     0.97425   12.03406     1.01705   -0.97908     0.95130   15.45448  
2021-12-03   1.07642  -12.39005     1.00839    3.94651     0.97377   12.77443     1.03096   -2.81692     0.97401   10.67345  
2021-12-04   1.08680  -14.38182     1.01505    2.48442     0.98008   11.23876     1.04009   -5.59854     0.96715   11.73707  
2021-12-05   1.06512  -10.48176     1.00136    5.52197     0.95994   15.74885     0.99875    3.37660     0.94202   17.91646  
2021-12-06   1.08182  -12.68406     1.01261    3.35774     0.97021   13.89746     1.02830   -1.66019     0.94539   17.52627  
2021-12-07   1.09227  -14.39281     1.02106    1.55444     0.99084    9.17663     1.04776   -5.56564     0.96543   12.77929  
2021-12-08   1.08342  -12.68512     1.01121    3.81402     0.97374   13.24063     1.05008   -5.55045     0.97021   12.00549  
2021-12-09   1.08667  -14.00335     1.01199    3.18218     0.97760   11.68247     1.04529   -6.00062     0.98485    7.86541  
2021-12-10   1.08754  -13.44994     1.01592    2.73036     0.98464   10.74135     1.05682   -6.94909     0.98637    8.25653  
2021-12-11   1.09053  -13.97680     1.01811    2.15047     0.99116    9.02114     1.04736   -5.40319     0.97803    9.92289  
2021-12-12   1.08681  -13.48174     1.01717    2.38314     0.98506   10.46351     1.04496   -5.01339     0.98620    8.18027  
2021-12-13   1.08122  -12.41182     1.01085    3.76737     0.97712   12.25629     1.03443   -2.71150     0.96997   11.94686  
2021-12-14   1.09225  -14.21445     1.02103    1.68808     0.98112   11.36021     1.04882   -5.60551     0.96834   12.32567  
2021-12-15   1.08494  -12.63305     1.01615    2.88935     0.97068   13.95382     1.04082   -3.45973     0.97197   11.75318  
2021-12-16   1.08646  -12.72278     1.01821    2.57242     0.97283   13.46437     1.04467   -3.98329     0.96240   13.95062  
2021-12-17   1.08317  -12.69799     1.01406    3.17694     0.97123   13.40740     1.04937   -5.37212     0.97060   11.88857  
2021-12-18   1.09402  -14.58389     1.02329    1.15396     0.98672    9.71621     1.05470   -7.19530     0.97572   10.17141  
2021-12-19   1.09974  -15.35077     1.02636    0.62931     0.98887    9.38558     1.05096   -6.15962     0.99160    7.02767  
2021-12-20   1.09575  -14.13964     1.02805    0.58977     0.98011   11.66025     1.03558   -2.68434     0.93320   20.08026  
2021-12-21   1.09984  -15.33590     1.02816    0.28018     0.98157   10.96613     1.04926   -5.79212     0.95303   15.44660  
2021-12-22   1.10611  -15.77479     1.03377   -0.62759     1.00013    7.42989     1.06909   -8.79291     0.97666   10.68189  
2021-12-23   1.10160  -14.87167     1.02787    0.75049     0.98811   10.27689     1.06766   -8.37484     0.99863    5.75273  
2021-12-24   1.10479  -15.44320     1.03232   -0.26855     0.99361    9.03958     1.07903  -10.42211     1.02440    0.03136  
2021-12-25   1.10785  -16.22799     1.03134   -0.12034     0.99578    8.44066     1.07718  -10.12719     1.00474    4.48306  
2021-12-26   1.10740  -15.97483     1.03800   -1.56974     0.99912    7.59655     1.07648  -10.15335     1.02306    0.27835  
2021-12-27   1.10670  -15.91980     1.03408   -0.57948     0.99938    7.82033     1.09026  -12.26775     1.01966    1.29686  
2021-12-28   1.11205  -16.32522     1.03788   -1.25746     0.99766    8.20540     1.08384  -10.94516     0.97130   11.70686  
2021-12-29   1.10580  -15.11151     1.03478   -0.51704     0.98976   10.10213     1.07879   -9.75592     1.00007    5.77667  
2021-12-30   1.11211  -15.88555     1.03810   -1.09835     0.99568    8.76166     1.09603  -12.74310     1.03100   -1.08433  
2021-12-31   1.11351  -16.44498     1.03759   -1.06987     0.99289    9.20596     1.09976  -13.74199     1.02668   -0.29409  
